smc-final-withsplus-mag.ecsv
# %ECSV 1.0
# ---
# datatype:
# - {name: Field, datatype: string}
# - {name: ID, datatype: string}
# - {name: RA_r, datatype: float32}
# - {name: DEC_r, datatype: float32}
# - {name: X_r, datatype: float32}
# - {name: Y_r, datatype: float32}
# - {name: s2n_r_psf, datatype: float32}
# - {name: s2n_J0660_psf, datatype: float32}
# - {name: s2n_i_psf, datatype: float32}
# - {name: CLASS_STAR_r, datatype: int32}
# - {name: CLASS_STAR_i, datatype: int32}
# - {name: u_psf, datatype: float32}
# - {name: J0378_psf, datatype: float32}
# - {name: J0395_psf, datatype: float32}
# - {name: J0410_psf, datatype: float32}
# - {name: J0430_psf, datatype: float32}
# - {name: g_psf, datatype: float32}
# - {name: J0515_psf, datatype: float32}
# - {name: r_psf, datatype: float32}
# - {name: J0660_psf, datatype: float32}
# - {name: i_psf, datatype: float32}
# - {name: J0861_psf, datatype: float32}
# - {name: z_psf, datatype: float32}
# - {name: e_u_psf, datatype: float32}
# - {name: e_J0378_psf, datatype: float32}
# - {name: e_J0395_psf, datatype: float32}
# - {name: e_J0410_psf, datatype: float32}
# - {name: e_J0430_psf, datatype: float32}
# - {name: e_g_psf, datatype: float32}
# - {name: e_J0515_psf, datatype: float32}
# - {name: e_r_psf, datatype: float32}
# - {name: e_J0660_psf, datatype: float32}
# - {name: e_i_psf, datatype: float32}
# - {name: e_J0861_psf, datatype: float32}
# - {name: e_z_psf, datatype: float32}
# meta: !!omap
# - {TCOMM1: description}
# - {TCOMM2: description}
# - {TCOMM3: description}
# - {TCOMM4: description}
# - {TCOMM5: description}
# - {TCOMM6: description}
# - {TCOMM7: description}
# - {TCOMM8: description}
# - {TCOMM9: description}
# - {TCOMM10: description}
# - {TCOMM11: description}
# - {TCOMM12: description}
# - {TCOMM13: description}
# - {TCOMM14: description}
# - {TCOMM15: description}
# - {TCOMM16: description}
# - {TCOMM17: description}
# - {TCOMM18: description}
# - {TCOMM19: description}
# - {TCOMM20: description}
# - {TCOMM21: description}
# - {TCOMM22: description}
# - {TCOMM23: description}
# - {TCOMM24: description}
# - {TCOMM25: description}
# - {TCOMM26: description}
# - {TCOMM27: description}
# - {TCOMM28: description}
# - {TCOMM29: description}
# - {TCOMM30: description}
# - {TCOMM31: description}
# - {TCOMM32: description}
# - {TCOMM33: description}
# - {TCOMM34: description}
# - {TCOMM35: description}
# - {DATE-HDU: '2023-03-31T18:57:00'}
# - {STILVERS: 3.3-2}
# - {STILCLAS: uk.ac.starlink.fits.FitsTableWriter}
# schema: astropy-2.0
Field ID RA_r DEC_r X_r Y_r s2n_r_psf s2n_J0660_psf s2n_i_psf CLASS_STAR_r CLASS_STAR_i u_psf J0378_psf J0395_psf J0410_psf J0430_psf g_psf J0515_psf r_psf J0660_psf i_psf J0861_psf z_psf e_u_psf e_J0378_psf e_J0395_psf e_J0410_psf e_J0430_psf e_g_psf e_J0515_psf e_r_psf e_J0660_psf e_i_psf e_J0861_psf e_z_psf
[from data line 64]
MC0114 iDR4_3_MC0114_0009837 11.107249 -73.86091 2528.56 2846.58 14.064935 51.57143 99.0 0 99 20.222794 99.0 99.0 99.0 99.0 19.65854 99.0 19.715117 17.586115 99.0 99.0 99.0 0.097 99.0 99.0 99.0 99.0 0.05 99.0 0.077 0.021 99.0 99.0 99.0
MC0114 iDR4_3_MC0114_0039501 11.336026 -73.40286 2019.04 5831.23 22.102041 77.35714 10.617647 1 1 18.908367 18.221567 18.901567 19.49636 19.08657 17.69305 19.33805 18.454105 16.273106 19.661358 99.0 19.412146 0.05 0.038 0.077 0.097 0.074 0.025 0.074 0.049 0.014 0.102 99.0 0.114
MC0114 iDR4_3_MC0114_0044839 10.617064 -73.348724 3356.11 6219.3 27.075 72.2 14.064935 0 0 19.051796 18.828266 18.745266 19.292969 18.92718 17.89766 19.441658 18.641525 16.623524 19.628899 99.0 19.555582 0.04 0.049 0.066 0.088 0.064 0.025 0.073 0.04 0.015 0.077 99.0 0.101
MC0114 iDR4_3_MC0114_0056074 8.591567 -73.22264 7167.11 7052.81 51.57143 98.454544 25.186047 1 1 18.387178 18.213648 18.178648 18.761047 18.190258 17.027739 19.134739 17.734806 15.619806 18.958841 19.4433 19.046299 0.032 0.035 0.047 0.061 0.04 0.016 0.065 0.021 0.011 0.043 0.133 0.08
MC0114 iDR4_3_MC0114_0082059 10.340317 -72.754684 3818.73 10116.13 49.227272 99.0 99.0 1 99 17.342846 99.0 17.181316 99.0 99.0 99.0 99.0 16.668976 99.0 99.0 18.122898 17.540897 0.019 99.0 0.028 99.0 99.0 99.0 99.0 0.022 99.0 99.0 0.054 0.037
MC0114 iDR4_3_MC0114_0402546 10.789143 -73.13437 3002.54 7615.45 25.186047 57.0 99.0 1 99 99.0 99.0 99.0 99.0 99.0 19.921251 99.0 19.070257 16.763258 99.0 99.0 99.0 99.0 99.0 99.0 99.0 99.0 0.067 99.0 0.043 0.019 99.0 99.0 99.0
MC0114 iDR4_3_MC0114_0562811 10.365581 -73.785164 3870.36 3370.88 72.2 99.0 99.0 1 99 99.0 99.0 99.0 99.0 99.0 99.0 99.0 16.385801 99.0 99.0 99.0 99.0 99.0 99.0 99.0 99.0 99.0 99.0 99.0 0.015 99.0 99.0 99.0 99.0
MC0114 iDR4_3_MC0114_0618845 10.619203 -73.34832 3352.05 6221.88 27.76923 99.0 99.0 0 99 99.0 99.0 99.0 99.0 99.0 99.0 99.0 18.837524 99.0 99.0 99.0 99.0 99.0 99.0 99.0 99.0 99.0 99.0 99.0 0.039 99.0 99.0 99.0 99.0
MC0114 iDR4_3_MC0114_0678971 7.0428896 -72.97866 10157.11 8567.65 6.6441717 99.0 99.0 0 99 99.0 99.0 99.0 99.0 99.0 99.0 99.0 20.357248 99.0 99.0 99.0 99.0 99.0 99.0 99.0 99.0 99.0 99.0 99.0 0.163 99.0 99.0 99.0 99.0
MC0114 iDR4_3_MC0114_0851715 11.4027195 -73.401215 1894.05 5838.06 34.935482 34.935482 41.653847 0 1 99.0 99.0 17.636566 99.0 99.0 17.98405 17.96105 18.131105 17.904106 18.298357 18.415146 18.499146 99.0 99.0 0.033 99.0 99.0 0.023 0.039 0.031 0.031 0.026 0.068 0.062
