smc-final-2via.ecsv
# %ECSV 1.0
# ---
# datatype:
# - {name: Name, datatype: string}
# - {name: RAJ2000, datatype: float64}
# - {name: DEJ2000, datatype: float64}
# schema: astropy-2.0
Name RAJ2000 DEJ2000
"LHA 115-N 4" 8.591624999999999 -73.2226111111111
"LHA 115-N 5" 10.340333333333332 -72.75463888888888
"LHA 115-N 6" 10.365624999999998 -73.78513888888888
"Jacoby SMC 1" 10.617291666666665 -73.34863888888889
"[MA93] 44" 10.789166666666665 -73.1343611111111
"LHA 115-N 7" 10.8555 -72.63858333333333
"MGPN SMC 6" 11.107208333333332 -73.86091666666665
"[JD2002] 1" 11.300416666666663 -73.3161111111111
"LIN 66" 11.336041666666665 -73.40286111111111
"LIN 71" 11.364291666666665 -73.70402777777777
"[JD2002] 2" 11.40275 -73.40119444444443
"[JD2002] 5" 11.916624999999998 -72.65083333333332
"LHA 115-N 29" 12.152291666666663 -72.96691666666666
"[JD2002] 6" 12.28433333333333 -73.03988888888888
"Jacoby SMC 9" 12.333791666666665 -73.29313888888888
"SMP SMC 12" 12.337916666666665 -73.88297222222221
"[JD2002] 7" 12.397666666666664 -73.44269444444443
"[M95] 3" 12.447791666666664 -74.24444444444444
"LHA 115-N 38" 12.465208333333331 -73.73927777777777
"LHA 115-N 40" 12.646208333333332 -73.71613888888888
"[MA93] 406" 12.718249999999998 -73.74866666666665
"LHA 115-N 43" 12.780749999999998 -73.96044444444443
"[JD2002] 12" 12.782583333333331 -73.20177777777776
"LHA 115-N 42" 12.863208333333333 -72.43658333333332
"LHA 115-N 47" 12.992208333333332 -73.34202777777777
"LIN 239" 13.296374999999998 -72.75208333333332
"[MA93] 891" 13.997583333333331 -72.23355555555554
"LIN 302" 14.081166666666665 -72.1162222222222
"LIN 305" 14.128208333333331 -72.45058333333333
"[JD2002] 17" 14.218875 -72.35063888888888
"LIN 343" 14.676333333333332 -72.94994444444444
"LHA 115-N 68" 14.67933333333333 -72.4545
"LHA 115-N 70" 14.817166666666663 -72.03333333333332
"[JD2002] 19" 14.872374999999998 -73.65163888888888
"LIN 357" 14.918791666666664 -71.63752777777776
"[JD2002] 20" 15.06295833333333 -72.27797222222222
"[JD2002] 23" 15.503791666666665 -72.98388888888888
"[MA93] 1438" 16.019541666666665 -71.62358333333333
"LIN 430" 16.07458333333333 -73.36419444444444
"[MA93] 1709" 17.465999999999998 -73.34738888888887
"[MA93] 1714" 17.520249999999997 -72.75763888888888
"SMP SMC 34" 18.04525 -71.44738888888888
"[MA93] 1762" 18.16770833333333 -72.89633333333332
"LHA 115-N 87" 20.294375 -73.243
"LIN 536" 21.049375 -74.04227777777777
1 11.298749999999998 -73.31616666666666
3 11.659999999999998 -73.42413888888888
4 11.818749999999998 -73.18691666666666
5 11.916666666666664 -72.65013888888888
7 12.395833333333332 -73.44358333333332
8 12.448333333333332 -72.68633333333332
9 12.51458333333333 -73.18038888888888
10 12.59875 -72.38569444444444
11 12.72 -72.87141666666666
12 12.783333333333331 -73.20127777777776
13 12.925833333333332 -72.84108333333333
14 13.10125 -72.9178611111111
15 13.103333333333332 -72.95844444444444
16 13.194166666666664 -73.5613611111111
17 14.219166666666665 -72.35033333333332
18 14.75708333333333 -73.44480555555555
19 14.873333333333331 -73.6523611111111
20 15.062083333333332 -72.27758333333333
21 15.389999999999995 -72.58130555555555
22 15.470416666666663 -73.69794444444443
23 15.504166666666665 -72.98299999999999
24 15.700833333333332 -72.95558333333332
25 15.86083333333333 -73.03655555555555
SMP_SMC_1 5.99433 -73.63444
SMP_SMC_2 8.16179 -71.69986
SMP_SMC_4 10.19254 -75.27244
SMP_SMC_7 10.61867 -73.34831
SMP_SMC_9 11.33704 -73.40253
SMP_SMC_10 11.74862 -72.82111
SMP_SMC_11 12.1475 -72.96917
SMP_SMC_17 12.98517 -71.41225
SMP_SMC_20 14.02233 -70.32383
SMP_SMC_22 14.65212 -71.59694
SMP_SMC_32 13.42837 -73.61883
MGPN_SMC_1 5.88667 -74.87528
MGPN_SMC_10 16.21417 -73.08944
MGPN_SMC_11 17.16625 -72.30194
MGPN_SMC_12 18.59833 -71.08972
MGPN_SMC_13 25.79375 -72.95056
MGPN_SMC_2 7.0425 -72.97889
MGPN_SMC_3 7.3375 -72.23528
MGPN_SMC_5 10.36375 -75.04778
MGPN_SMC_7 11.92708 -74.80417
MGPN_SMC_8 14.08208 -72.11667
[M95]_1 2.18 -76.00278
[M95]_2 11.50958 -74.14361
LHA_115-N_8 10.80583 -72.92028
