notebooks/Halpha-MC-STAR-intraNuvens.escv
# %ECSV 1.0
# ---
# datatype:
# - {name: Field, datatype: string}
# - {name: ID, datatype: string}
# - {name: RA_r, datatype: float64}
# - {name: DEC_r, datatype: float64}
# - {name: X_r, datatype: float64}
# - {name: Y_r, datatype: float64}
# - {name: s2n_r_psf, datatype: float64}
# - {name: s2n_J0660_psf, datatype: float64}
# - {name: s2n_i_psf, datatype: float64}
# - {name: CLASS_STAR_r, datatype: int64}
# - {name: CLASS_STAR_i, datatype: int64}
# - {name: r_psf, datatype: float64}
# - {name: J0660_psf, datatype: float64}
# - {name: i_psf, datatype: float64}
# - {name: e_r_psf, datatype: float64}
# - {name: e_J0660_psf, datatype: float64}
# - {name: e_i_psf, datatype: float64}
# - {name: r - i, datatype: float64}
# - {name: r - J0660, datatype: float64}
# - {name: e(r - i), datatype: float64}
# - {name: e(r - J0660), datatype: float64}
# schema: astropy-2.0
Field ID RA_r DEC_r X_r Y_r s2n_r_psf s2n_J0660_psf s2n_i_psf CLASS_STAR_r CLASS_STAR_i r_psf J0660_psf i_psf e_r_psf e_J0660_psf e_i_psf "r - i" "r - J0660" "e(r - i)" "e(r - J0660)"
[from data line 71]
b'MC0106' b'iDR4_3_MC0106_0021286' 68.83942 -72.371086 1194.19 4430.93 11.4 28.5 12.741177 1 1 19.41733 18.51833 18.93433 0.095 0.038 0.085 0.48300000000000054 0.8990000000000009 0.12747548783981963 0.10231813133555558
b'MC0126' b'iDR4_3_MC0126_0003976' 68.71757 -73.98581 1164.33 1982.32 14.064935 28.5 13.048193 1 1 19.475 18.536 19.255 0.077 0.038 0.083 0.22000000000000242 0.9390000000000001 0.11321660655575225 0.08586617494683224
b'MC0124' b'iDR4_3_MC0124_0024336' 56.1217 -73.647095 6828.11 4278.82 6.811321 19.0 12.448276 1 1 19.496721 18.079721 17.97671 0.159 0.057 0.087 1.5200110000000002 1.4170000000000016 0.1812456896039186 0.16890825912311097
b'MC0011' b'iDR4_3_MC0011_0099143' 66.628296 -64.33111 7972.01 7038.66 12.593023 21.66 8.804878 1 0 19.476437 18.789436 19.45841 0.086 0.05 0.123 0.018027000000000015 0.6870010000000022 0.15008331019803633 0.09947864092356709
b'MC0123' b'iDR4_3_MC0123_0008523' 53.59379 -73.54413 2740.75 4926.38 23.042553 25.186047 15.253521 1 1 19.445383 19.027384 19.324274 0.047 0.043 0.071 0.12110900000000058 0.41799899999999823 0.085146931829632 0.06370243323453194
b'MC0123' b'iDR4_3_MC0123_0008651' 49.480602 -73.52428 10371.5 4983.74 18.05 34.935482 11.771739 1 1 19.540234 18.679234 19.527254 0.06 0.031 0.092 0.012980000000002434 0.8610000000000007 0.10983624174196784 0.06753517601961218
b'MC0051' b'iDR4_3_MC0051_0025603' 25.762772 -69.593 9903.78 6167.62 24.613636 33.84375 15.695652 1 1 19.53551 19.05251 19.484118 0.044 0.032 0.069 0.05139199999999988 0.482999999999997 0.08183520025025906 0.054405882034941774
b'MC0037' b'iDR4_3_MC0037_0176301' 69.66101 -68.65596 7536.06 4021.82 24.613636 30.083334 21.66 1 1 19.537231 19.154232 19.37636 0.044 0.036 0.05 0.1608710000000002 0.3829989999999981 0.06660330322138686 0.05685068161420758
b'MC0126' b'iDR4_3_MC0126_0044645' 68.58552 -73.32036 1237.24 6344.56 12.593023 22.5625 7.3175673 1 1 19.663 18.955 20.161 0.086 0.048 0.148 -0.4980000000000011 0.708000000000002 0.1711724276862369 0.09848857801796104
b'MC0102' b'iDR4_3_MC0102_0004726' 48.064003 -72.59263 7115.75 3047.55 18.672413 26.414635 16.40909 1 1 19.573137 19.124138 19.343706 0.058 0.041 0.066 0.22943099999999816 0.4489990000000006 0.08786353054595519 0.07102816342831905
b'MC0121' b'iDR4_3_MC0121_0020880' 42.076305 -72.75005 6578.35 10153.64 12.033334 23.543478 11.901099 1 1 19.62125 18.89525 19.09766 0.09 0.046 0.091 0.5235899999999987 0.7259999999999991 0.12798828071350907 0.10107423014794621
b'MC0118' b'iDR4_3_MC0118_0143840' 25.804142 -73.78586 10282.17 3273.64 19.690908 10.027778 18.05 1 1 19.660704 18.807705 19.328522 0.055 0.108 0.06 0.33218199999999953 0.8529990000000005 0.08139410298049853 0.12119818480488888
b'MC0142' b'iDR4_3_MC0142_0000016' 49.978657 -75.39946 7892.79 843.38 8.804878 11.901099 9.417392 1 1 19.623 18.492 18.841 0.123 0.091 0.115 0.782 1.1310000000000002 0.16838646026328838 0.15300326793895613
b'MC0106' b'iDR4_3_MC0106_0022528' 68.83468 -72.34341 1197.05 4612.34 7.5734267 60.166668 7.5734267 1 1 19.64233 17.17333 19.37233 0.143 0.018 0.143 0.2699999999999996 2.469000000000001 0.20223253941935257 0.14412841496387865
b'MC0021' b'iDR4_3_MC0021_0061508' 68.75059 -65.883255 10591.17 5292.6 8.33077 30.942858 14.25 1 1 19.742996 18.642996 18.841066 0.13 0.035 0.076 0.9019300000000001 1.1000000000000014 0.15058552387264854 0.13462912017836262
b'MC0119' b'iDR4_3_MC0119_0020086' 30.896122 -73.15849 9788.91 7403.93 18.672413 24.613636 11.164948 1 1 19.749699 19.3727 20.031023 0.058 0.044 0.097 -0.28132400000000146 0.3769990000000014 0.113017697729161 0.07280109889280519
b'MC0141' b'iDR4_3_MC0141_0012302' 48.6914 -74.370674 1259.16 7521.04 13.37037 20.826923 9.669642 1 1 19.70567 19.19767 19.65467 0.081 0.052 0.112 0.05100000000000193 0.5080000000000027 0.1382208377922808 0.0962548700066651
b'MC0121' b'iDR4_3_MC0121_0012119' 42.23187 -72.92656 6268.66 9000.61 19.0 23.042553 13.37037 1 1 19.762592 19.381592 19.726702 0.057 0.047 0.081 0.035890000000001976 0.3810000000000002 0.09904544411531506 0.07387827826905552
b'MC0123' b'iDR4_3_MC0123_0020418' 54.5249 -74.095055 1161.05 1266.44 8.7338705 40.11111 6.0842695 1 1 19.701 17.927 19.83 0.124 0.027 0.178 -0.12899999999999778 1.774000000000001 0.21693316943243143 0.12690547663517127
b'MC0103' b'iDR4_3_MC0103_0007914' 54.11764 -72.37508 3946.14 4472.49 21.235294 23.042553 13.37037 1 1 19.769243 19.407244 19.781242 0.051 0.047 0.081 -0.011998999999999427 0.36199900000000085 0.0957183368012629 0.06935416353759881
b'MC0103' b'iDR4_3_MC0103_0020907' 55.463978 -72.1837 1234.19 5659.76 11.28125 25.186047 11.28125 1 1 19.74067 18.80867 19.23967 0.096 0.043 0.096 0.5010000000000012 0.9320000000000022 0.13576450198781712 0.10519030373565808
b'MC0051' b'iDR4_3_MC0051_0057983' 25.921976 -69.86297 9489.34 4412.17 23.042553 9.177966 17.190475 1 1 19.691797 19.075796 19.55013 0.047 0.118 0.063 0.14166700000000176 0.6160010000000007 0.07860025445251434 0.12701574705523722
b'MC0061' b'iDR4_3_MC0061_0106086' 68.12684 -69.02764 3452.65 9923.28 14.44 9.177966 10.939394 1 1 19.675137 18.903137 19.481071 0.075 0.118 0.099 0.1940659999999994 0.7719999999999985 0.12420144926690671 0.13981773850266638
b'MC0079' b'iDR4_3_MC0079_0000943' 45.56487 -71.40001 6506.06 2663.66 22.102041 23.543478 14.25 1 1 19.75178 19.36978 19.832043 0.049 0.046 0.076 -0.08026299999999864 0.38200000000000145 0.0904267659490264 0.06720863039818621
b'MC0138' b'iDR4_3_MC0138_0030812' 29.199677 -74.047935 8481.99 9677.93 16.921875 24.613636 12.892858 1 1 19.78235 19.221828 19.51002 0.064 0.044 0.084 0.2723300000000002 0.5605220000000024 0.10560303025955269 0.0776659513557904
b'MC0103' b'iDR4_3_MC0103_0021544' 55.459488 -72.15764 1237.15 5830.58 9.5 25.785715 8.950413 1 1 19.82367 18.45667 19.65567 0.114 0.042 0.121 0.16799999999999926 1.3670000000000009 0.16624379687675567 0.12149074038789952
b'MC0144' b'iDR4_3_MC0144_0019995' 59.304234 -74.289955 9770.97 8048.69 21.235294 28.5 9.845454 1 1 19.811079 19.155079 20.21982 0.051 0.038 0.11 -0.40874099999999913 0.6559999999999988 0.12124768039018313 0.06360031446463138
b'MC0140' b'iDR4_3_MC0140_0001296' 42.2971 -75.30791 3584.35 1453.34 14.25 20.433962 10.413462 1 1 19.880394 19.434393 19.896093 0.076 0.053 0.104 -0.015699000000001462 0.446000999999999 0.12880993750483694 0.09265527507918801
b'MC0118' b'iDR4_3_MC0118_0005318' 29.199713 -74.04792 4099.72 1653.93 13.70886 18.672413 9.5 1 1 19.815989 19.347988 19.811083 0.079 0.058 0.114 0.004905999999998301 0.46800099999999745 0.13869751259485513 0.09800510190801294
b'MC0142' b'iDR4_3_MC0142_0011709' 53.79113 -74.19404 1289.18 8679.44 9.417392 30.083334 10.314285 1 1 19.78451 18.52051 18.78508 0.115 0.036 0.105 0.9994300000000003 1.2639999999999993 0.15572411502397437 0.12050311199301038
b'MC0126' b'iDR4_3_MC0126_0044721' 68.49946 -72.89511 1297.14 9132.46 7.680851 37.344826 7.367347 1 1 19.979 17.882 20.011 0.141 0.029 0.147 -0.03200000000000003 2.0969999999999978 0.20369094236121543 0.14395138068111746
b'MC0126' b'iDR4_3_MC0126_0045125' 68.53965 -73.09302 1268.0 7834.92 9.417392 23.543478 7.367347 1 1 19.934 18.883 19.883 0.115 0.046 0.147 0.05100000000000193 1.051000000000002 0.1866386883794461 0.1238587905640936
b'MC0143' b'iDR4_3_MC0143_0010503' 55.332882 -74.733116 7635.03 5212.13 17.467741 24.066668 14.25 1 1 19.982456 19.500456 19.763817 0.062 0.045 0.076 0.21863899999999958 0.4819999999999993 0.09808159868191382 0.07660939890117921
b'MC0057' b'iDR4_3_MC0057_0080618' 53.360313 -69.97232 1170.69 3685.7 7.791367 12.892858 6.3705883 1 1 19.89667 19.03067 19.51567 0.139 0.084 0.17 0.3810000000000002 0.8659999999999997 0.21959280498231268 0.16240997506310997
b'MC0098' b'iDR4_3_MC0098_0026363' 29.85284 -72.59173 7964.43 3038.7 14.44 28.5 10.722773 1 1 19.956594 18.962595 19.190905 0.075 0.038 0.101 0.7656889999999983 0.9939989999999987 0.12580143083447023 0.08407734534343957
b'MC0053' b'iDR4_3_MC0053_0010479' 36.615612 -69.75491 3210.2 5158.35 20.055555 21.235294 12.448276 1 1 19.941366 19.588366 19.974922 0.054 0.051 0.087 -0.03355600000000081 0.352999999999998 0.10239628899525607 0.07427651041883968
b'MC0118' b'iDR4_3_MC0118_0004285' 27.949976 -74.07411 6346.61 1488.32 67.6875 49.227272 60.166668 1 1 16.196392 15.938392 16.32629 0.016 0.022 0.018 -0.12989800000000074 0.2579999999999991 0.024083189157584593 0.027202941017470887
b'MC0118' b'iDR4_3_MC0118_0023568' 28.546001 -73.62438 5269.92 4435.24 51.57143 54.15 29.27027 1 1 16.216202 15.936202 16.351664 0.021 0.02 0.037 -0.13546200000000042 0.27999999999999936 0.042544094772365294 0.029
b'MC0137' b'iDR4_3_MC0137_0028924' 27.847868 -74.44366 1755.86 7061.91 135.375 154.71428 108.3 1 1 16.040613 15.798614 16.180925 0.008 0.007 0.01 -0.140311999999998 0.24199899999999985 0.012806248474865698 0.01063014581273465
b'MC0137' b'iDR4_3_MC0137_0033638' 27.949997 -74.07413 1485.66 9472.59 98.454544 135.375 83.30769 1 1 16.132349 15.901349 16.286116 0.011 0.008 0.013 -0.15376699999999843 0.23100000000000165 0.0170293863659264 0.013601470508735444
b'MC0062' b'iDR4_3_MC0062_0028316' 69.280106 -69.549835 9910.77 6450.11 108.3 108.3 67.6875 1 1 16.162949 15.908949 16.246742 0.01 0.01 0.016 -0.083793 0.25400000000000134 0.018867962264113206 0.01414213562373095
b'MC0138' b'iDR4_3_MC0138_0024979' 32.03971 -74.32094 3408.73 7911.53 83.30769 154.71428 72.2 1 1 16.080185 15.893184 16.262669 0.013 0.007 0.015 -0.18248399999999876 0.18700100000000042 0.019849433241279208 0.0147648230602334
b'MC0138' b'iDR4_3_MC0138_0024989' 28.715485 -74.31134 9290.53 7926.94 120.333336 135.375 77.35714 1 1 16.180695 15.932694 16.353233 0.009 0.008 0.014 -0.17253799999999941 0.24800100000000036 0.016643316977093238 0.012041594578792296
b'MC0138' b'iDR4_3_MC0138_0025765' 31.672094 -74.34344 4060.96 7775.22 90.25 180.5 72.2 1 1 16.008537 15.856536 16.213024 0.012 0.006 0.015 -0.2044870000000003 0.15200100000000027 0.019209372712298545 0.01341640786499874
b'MC0138' b'iDR4_3_MC0138_0017184' 29.887432 -74.5178 7194.76 6629.92 98.454544 180.5 83.30769 1 1 16.101028 15.859296 16.33118 0.011 0.006 0.013 -0.23015200000000036 0.24173199999999895 0.0170293863659264 0.012529964086141668
b'MC0138' b'iDR4_3_MC0138_0021149' 28.97392 -74.1859 8859.35 8763.17 108.3 135.375 77.35714 1 1 16.111599 15.930598 16.300495 0.01 0.008 0.014 -0.18889600000000328 0.1810009999999984 0.017204650534085254 0.012806248474865698
b'MC0117' b'iDR4_3_MC0117_0001220' 23.783764 -73.90455 5319.84 2601.48 108.3 120.333336 72.2 1 1 16.212046 15.911046 16.339956 0.01 0.009 0.015 -0.12790999999999997 0.30100000000000016 0.018027756377319945 0.01345362404707371
b'MC0139' b'iDR4_3_MC0139_0015932' 34.004814 -74.1418 9068.68 9045.2 98.454544 108.3 54.15 1 1 16.218811 16.054081 16.50293 0.011 0.01 0.02 -0.28411900000000045 0.1647299999999987 0.022825424421026655 0.014866068747318505
b'MC0139' b'iDR4_3_MC0139_0016971' 33.667393 -74.20163 9656.5 8631.9 135.375 135.375 60.166668 1 1 16.125767 15.812766 16.262402 0.008 0.008 0.018 -0.13663500000000184 0.31300099999999986 0.01969771560359221 0.01131370849898476
b'MC0139' b'iDR4_3_MC0139_0019192' 34.429333 -74.33926 8275.47 7775.79 120.333336 120.333336 77.35714 1 1 16.010693 15.772694 16.201948 0.009 0.009 0.014 -0.19125500000000173 0.2379990000000003 0.016643316977093238 0.012727922061357855
b'MC0139' b'iDR4_3_MC0139_0022568' 37.508785 -74.54354 2868.8 6441.89 135.375 108.3 77.35714 1 1 16.023224 15.863225 16.224806 0.008 0.01 0.014 -0.20158200000000193 0.15999899999999911 0.0161245154965971 0.012806248474865698
b'MC0098' b'iDR4_3_MC0098_0014257' 30.596014 -71.67741 6560.44 9044.8 60.166668 72.2 54.15 1 1 16.134478 15.989478 16.382265 0.018 0.015 0.02 -0.24778699999999887 0.14500000000000135 0.02690724809414742 0.023430749027719962
b'MC0118' b'iDR4_3_MC0118_0011156' 27.583696 -73.92237 7018.38 2474.29 51.57143 54.15 51.57143 1 1 16.418976 16.015976 16.614328 0.021 0.02 0.021 -0.19535199999999975 0.40300000000000225 0.029698484809835 0.029
b'MC0118' b'iDR4_3_MC0118_0029429' 29.507427 -73.461426 3476.42 5483.74 54.15 57.0 34.935482 1 1 16.344418 16.080418 16.527798 0.02 0.019 0.031 -0.18337999999999965 0.26399999999999935 0.036891733491393436 0.02758622844826744
b'MC0118' b'iDR4_3_MC0118_0062759' 30.014153 -74.106766 2645.06 1239.69 51.57143 57.0 30.083334 1 1 16.261335 16.084335 16.439816 0.021 0.019 0.036 -0.17848100000000144 0.1769999999999996 0.04167733196834941 0.02831960451701259
b'MC0137' b'iDR4_3_MC0137_0017987' 24.215624 -74.73172 8083.47 5210.94 120.333336 154.71428 90.25 1 1 16.422802 15.906802 16.627687 0.009 0.007 0.012 -0.20488500000000087 0.516 0.015 0.011401754250991379
b'MC0137' b'iDR4_3_MC0137_0018670' 26.197552 -74.71679 4666.72 5337.88 120.333336 135.375 77.35714 1 1 16.41173 16.15973 16.56657 0.009 0.008 0.014 -0.1548400000000001 0.2519999999999989 0.016643316977093238 0.012041594578792296
b'MC0137' b'iDR4_3_MC0137_0039462' 27.954327 -74.22729 1515.69 8470.36 90.25 120.333336 72.2 1 1 16.442179 16.334179 16.71875 0.012 0.009 0.015 -0.27657100000000057 0.10800000000000054 0.019209372712298545 0.015
b'MC0119' b'iDR4_3_MC0119_0000591' 34.004814 -74.14178 3985.64 1037.94 83.30769 90.25 54.15 1 1 16.244753 16.053753 16.511076 0.013 0.012 0.02 -0.26632299999999987 0.19099999999999895 0.023853720883753128 0.01769180601295413
b'MC0119' b'iDR4_3_MC0119_0000948' 33.68855 -74.12906 4550.58 1127.7 72.2 83.30769 60.166668 1 1 16.396029 16.132029 16.538067 0.015 0.013 0.018 -0.142038000000003 0.26399999999999935 0.023430749027719962 0.019849433241279208
b'MC0138' b'iDR4_3_MC0138_0025233' 32.160633 -74.32831 3195.92 7858.87 98.454544 135.375 77.35714 1 1 16.372595 16.181595 16.577408 0.011 0.008 0.014 -0.2048129999999979 0.19099999999999895 0.017804493814764857 0.013601470508735444
b'MC0138' b'iDR4_3_MC0138_0026968' 33.15972 -74.37915 1443.01 7472.77 72.2 154.71428 51.57143 1 1 16.34268 16.212679 16.59161 0.015 0.007 0.021 -0.24892999999999788 0.13000100000000003 0.025806975801127882 0.01655294535724685
b'MC0138' b'iDR4_3_MC0138_0038254' 30.014122 -74.1068 7011.6 9323.42 90.25 154.71428 72.2 1 1 16.244936 16.077936 16.417082 0.012 0.007 0.015 -0.17214600000000146 0.16699999999999804 0.019209372712298545 0.013892443989449804
b'MC0138' b'iDR4_3_MC0138_0014012' 28.875853 -74.63726 8935.68 5804.54 98.454544 135.375 77.35714 1 1 16.39584 16.228838 16.60405 0.011 0.008 0.014 -0.20821000000000112 0.1670020000000001 0.017804493814764857 0.013601470508735444
b'MC0138' b'iDR4_3_MC0138_0016175' 31.977388 -74.55706 3548.1 6368.37 77.35714 135.375 54.15 1 1 16.432337 16.278194 16.65338 0.014 0.008 0.02 -0.2210429999999981 0.15414300000000125 0.02441311123146741 0.0161245154965971
b'MC0117' b'iDR4_3_MC0117_0000884' 24.860867 -73.96749 3373.44 2168.59 108.3 108.3 77.35714 1 1 16.315884 16.071882 16.48998 0.01 0.01 0.014 -0.1740959999999987 0.24400200000000183 0.017204650534085254 0.01414213562373095
b'MC0117' b'iDR4_3_MC0117_0001038' 23.73939 -73.93842 5400.57 2379.82 135.375 135.375 83.30769 1 1 16.370047 16.136045 16.557957 0.008 0.008 0.013 -0.1879099999999987 0.23400200000000027 0.015264337522473748 0.01131370849898476
b'MC0117' b'iDR4_3_MC0117_0001771' 24.557226 -73.80247 3906.52 3258.15 135.375 135.375 98.454544 1 1 16.4108 16.280802 16.62655 0.008 0.008 0.011 -0.21575000000000344 0.12999799999999695 0.013601470508735444 0.01131370849898476
b'MC0117' b'iDR4_3_MC0117_0001820' 24.451471 -73.795074 4098.98 3309.2 120.333336 135.375 77.35714 1 1 16.382763 16.197762 16.611488 0.009 0.008 0.014 -0.22872500000000073 0.18500099999999975 0.016643316977093238 0.012041594578792296
b'MC0117' b'iDR4_3_MC0117_0002494' 23.445818 -73.691574 5938.67 3994.79 120.333336 154.71428 90.25 1 1 16.432156 16.202156 16.66183 0.009 0.007 0.012 -0.22967399999999927 0.23000000000000043 0.015 0.011401754250991379
