notebooks/Halpha-MC-STAR-intraNuvens.escv
# %ECSV 1.0
# ---
# datatype:
# - {name: Field, datatype: string}
# - {name: ID, datatype: string}
# - {name: RA_r, datatype: float64}
# - {name: DEC_r, datatype: float64}
# - {name: X_r, datatype: float64}
# - {name: Y_r, datatype: float64}
# - {name: s2n_r_psf, datatype: float64}
# - {name: s2n_J0660_psf, datatype: float64}
# - {name: s2n_i_psf, datatype: float64}
# - {name: CLASS_STAR_r, datatype: int64}
# - {name: CLASS_STAR_i, datatype: int64}
# - {name: r_psf, datatype: float64}
# - {name: J0660_psf, datatype: float64}
# - {name: i_psf, datatype: float64}
# - {name: e_r_psf, datatype: float64}
# - {name: e_J0660_psf, datatype: float64}
# - {name: e_i_psf, datatype: float64}
# - {name: r - i, datatype: float64}
# - {name: r - J0660, datatype: float64}
# - {name: e(r - i), datatype: float64}
# - {name: e(r - J0660), datatype: float64}
# schema: astropy-2.0
Field ID RA_r DEC_r X_r Y_r s2n_r_psf s2n_J0660_psf s2n_i_psf CLASS_STAR_r CLASS_STAR_i r_psf J0660_psf i_psf e_r_psf e_J0660_psf e_i_psf "r - i" "r - J0660" "e(r - i)" "e(r - J0660)"
[from data line 213]
b'MC0138' b'iDR4_3_MC0138_0027200' 29.955433 -74.3967 7087.99 7424.41 63.705883 83.30769 49.227272 1 1 17.456936 17.295937 17.649944 0.017 0.013 0.022 -0.1930080000000025 0.16099900000000034 0.027802877548915687 0.0214009345590327
b'MC0138' b'iDR4_3_MC0138_0032575' 29.46538 -74.14913 7988.6 9027.89 72.2 77.35714 38.67857 1 1 17.378386 17.139385 17.555843 0.015 0.014 0.028 -0.17745700000000042 0.23900099999999824 0.03176476034853718 0.020518284528683192
b'MC0138' b'iDR4_3_MC0138_0008606' 30.586113 -74.88565 5963.07 4234.92 60.166668 72.2 32.81818 1 1 17.5178 17.336798 17.743273 0.018 0.015 0.033 -0.22547299999999737 0.18100199999999944 0.037589892258425 0.023430749027719962
b'MC0117' b'iDR4_3_MC0117_0008352' 24.11398 -73.09738 4682.61 7882.02 72.2 72.2 41.653847 1 1 17.442905 17.215904 17.68411 0.015 0.015 0.026 -0.24120500000000078 0.22700100000000134 0.03001666203960727 0.021213203435596427
b'MC0139' b'iDR4_3_MC0139_0011291' 33.64036 -73.986465 9760.58 10037.46 63.705883 63.705883 41.653847 1 1 17.456469 17.254469 17.721592 0.017 0.017 0.026 -0.26512300000000266 0.20199999999999818 0.031064449134018134 0.024041630560342617
b'MC0140' b'iDR4_3_MC0140_0020452' 39.89193 -74.689 7662.44 5500.38 32.81818 47.086956 30.942858 1 1 17.336573 16.877573 16.910904 0.033 0.023 0.035 0.42566900000000274 0.45899999999999963 0.048104053883222773 0.040224370722237536
b'MC0118' b'iDR4_3_MC0118_0000711' 29.46541 -74.14909 3633.35 984.43 51.57143 45.125 27.075 1 1 17.419111 17.179111 17.59444 0.021 0.024 0.04 -0.17532899999999785 0.240000000000002 0.04517742799230607 0.03189043743820395
b'MC0118' b'iDR4_3_MC0118_0029140' 28.070858 -73.47059 6152.64 5440.24 54.15 49.227272 20.055555 1 1 17.594408 17.393408 17.81289 0.02 0.022 0.054 -0.21848199999999807 0.2010000000000005 0.05758472019555187 0.02973213749463701
b'MC0118' b'iDR4_3_MC0118_0032307' 28.5971 -73.383995 5170.99 6008.46 49.227272 49.227272 37.344826 1 1 17.73454 17.525541 17.89912 0.022 0.022 0.029 -0.16458000000000084 0.2089989999999986 0.03640054944640259 0.03111269837220809
b'MC0137' b'iDR4_3_MC0137_0025446' 23.28676 -74.52424 9739.26 6515.04 63.705883 77.35714 32.81818 1 1 17.708765 17.507765 17.954 0.017 0.014 0.033 -0.24523500000000098 0.2010000000000005 0.037121422386541175 0.022022715545545243
b'MC0137' b'iDR4_3_MC0137_0028626' 27.590715 -74.452446 2208.87 7019.59 72.2 83.30769 51.57143 1 1 17.635456 17.489456 17.868084 0.015 0.013 0.021 -0.23262799999999828 0.1460000000000008 0.025806975801127882 0.019849433241279208
b'MC0137' b'iDR4_3_MC0137_0043083' 25.864275 -74.34575 5235.59 7769.58 72.2 63.705883 41.653847 1 1 17.72649 17.57749 17.935816 0.015 0.017 0.026 -0.2093260000000008 0.14899999999999736 0.03001666203960727 0.022671568097509268
b'MC0127' b'iDR4_3_MC0127_0187983' 69.62707 -73.48938 8152.09 5287.51 18.355932 51.57143 37.344826 1 1 17.701572 16.955572 16.630148 0.059 0.021 0.029 1.0714240000000004 0.7459999999999987 0.0657419196555744 0.0626258732474047
b'MC0012' b'iDR4_3_MC0012_0058168' 69.89265 -64.26 7836.1 7505.92 19.339285 30.942858 19.690908 1 1 17.764475 17.170475 17.116467 0.056 0.035 0.055 0.6480080000000008 0.5940000000000012 0.07849203781276162 0.06603786792439623
b'MC0119' b'iDR4_3_MC0119_0005988' 31.80231 -73.909676 7959.55 2540.12 63.705883 60.166668 43.32 1 1 17.72748 17.53648 17.912785 0.017 0.018 0.025 -0.1853049999999996 0.19099999999999895 0.03023243291566195 0.024758836806279896
b'MC0123' b'iDR4_3_MC0123_0033394' 54.452938 -73.72334 1194.49 3703.04 8.395349 77.35714 10.722773 1 1 17.597 16.723 17.258 0.129 0.014 0.101 0.3390000000000022 0.8740000000000023 0.16383528313522702 0.12975746606650423
b'MC0123' b'iDR4_3_MC0123_0049284' 53.960445 -72.97722 1945.95 8616.52 33.84375 32.81818 6.050279 1 0 17.65486 17.47186 17.996616 0.032 0.033 0.179 -0.34175600000000017 0.18299999999999983 0.1818378398463862 0.04596737973824482
b'MC0138' b'iDR4_3_MC0138_0016985' 32.42012 -74.52146 2770.49 6583.91 60.166668 72.2 34.935482 1 1 17.616564 17.332565 17.962147 0.018 0.015 0.031 -0.3455830000000013 0.28399900000000144 0.03584689665786984 0.023430749027719962
b'MC0138' b'iDR4_3_MC0138_0026544' 29.80829 -74.37124 7349.96 7586.78 57.0 77.35714 34.935482 1 1 17.561586 17.342587 17.771626 0.019 0.014 0.031 -0.2100400000000029 0.2189989999999966 0.036359317925395686 0.023600847442411893
b'MC0138' b'iDR4_3_MC0138_0037920' 31.8516 -74.58993 3770.91 6157.17 67.6875 77.35714 32.81818 1 1 17.700338 17.518337 17.940378 0.016 0.014 0.033 -0.24004000000000048 0.18200099999999964 0.0366742416417845 0.0212602916254693
b'MC0117' b'iDR4_3_MC0117_0004100' 23.35791 -73.50375 6106.96 5223.4 33.84375 43.32 12.892858 1 0 17.657957 17.439957 17.97884 0.032 0.025 0.084 -0.320883000000002 0.21799999999999997 0.08988882021697693 0.040607881008493905
b'MC0117' b'iDR4_3_MC0117_0004346' 24.20188 -73.475334 4536.76 5406.88 72.2 60.166668 41.653847 1 1 17.68806 17.54706 17.9049 0.015 0.018 0.026 -0.21684000000000125 0.1410000000000018 0.03001666203960727 0.023430749027719962
b'MC0117' b'iDR4_3_MC0117_0004391' 24.303219 -73.47046 4347.77 5437.02 63.705883 72.2 38.67857 1 1 17.762129 17.59913 17.998465 0.017 0.015 0.028 -0.23633599999999788 0.16299900000000278 0.0327566787083184 0.022671568097509268
b'MC0117' b'iDR4_3_MC0117_0006626' 24.388187 -73.27944 4174.82 6685.46 72.2 63.705883 47.086956 1 1 17.573166 17.363165 17.783144 0.015 0.017 0.023 -0.20997799999999955 0.21000100000000188 0.02745906043549196 0.022671568097509268
b'MC0061' b'iDR4_3_MC0061_0073980' 67.819214 -69.24827 4186.73 8487.52 36.1 41.653847 27.76923 1 1 17.741873 17.540873 17.882479 0.03 0.026 0.039 -0.14060600000000179 0.20099999999999696 0.04920365840057018 0.039698866482558416
b'MC0118' b'iDR4_3_MC0118_0018607' 29.409468 -73.73813 3688.87 3675.97 51.57143 45.125 17.467741 1 1 17.783846 17.657846 18.07583 0.021 0.024 0.062 -0.29198399999999936 0.12600000000000122 0.06545991139621257 0.03189043743820395
b'MC0137' b'iDR4_3_MC0137_0018305' 26.854277 -74.72296 3534.53 5282.0 67.6875 60.166668 37.344826 1 1 17.825418 17.652418 18.043798 0.016 0.018 0.029 -0.2183799999999998 0.17299999999999827 0.03312099032335839 0.024083189157584593
b'MC0137' b'iDR4_3_MC0137_0037926' 24.871655 -74.19751 7002.48 8729.64 54.15 63.705883 34.935482 1 1 17.886297 17.677298 18.096985 0.02 0.017 0.031 -0.2106880000000011 0.2089989999999986 0.036891733491393436 0.026248809496813377
b'MC0120' b'iDR4_3_MC0120_0010380' 38.18464 -73.594444 4964.57 4630.16 49.227272 49.227272 30.942858 1 1 17.818977 17.598978 18.001144 0.022 0.022 0.035 -0.18216699999999975 0.2199990000000014 0.041340053217188776 0.03111269837220809
b'MC0085' b'iDR4_3_MC0085_0011472' 69.60915 -70.62986 8873.12 7665.6 49.227272 51.57143 36.1 1 1 17.937714 17.536713 17.975922 0.022 0.021 0.03 -0.03820800000000091 0.40100100000000083 0.03720215047547654 0.0304138126514911
b'MC0126' b'iDR4_3_MC0126_0039534' 68.522 -73.00844 1281.14 8389.46 25.785715 38.67857 14.44 1 1 17.931 17.697 18.104 0.042 0.028 0.075 -0.17299999999999827 0.23400000000000176 0.08595929269136642 0.05047771785649585
b'MC0001' b'iDR4_3_MC0001_0004124' 68.38012 -63.82659 3514.63 1832.81 51.57143 33.84375 33.84375 1 1 17.984339 17.50934 17.703281 0.021 0.032 0.032 0.28105799999999803 0.47499899999999684 0.038275318418009276 0.038275318418009276
b'MC0119' b'iDR4_3_MC0119_0022545' 30.71979 -73.27441 10092.15 6632.67 49.227272 47.086956 32.81818 1 1 17.952557 17.734556 18.181143 0.022 0.023 0.033 -0.22858599999999996 0.21800099999999745 0.03966106403010389 0.0318276609256791
b'MC0138' b'iDR4_3_MC0138_0011029' 31.472225 -74.767654 4442.75 5002.84 51.57143 72.2 40.11111 1 1 17.951735 17.505733 17.730343 0.021 0.015 0.027 0.22139199999999803 0.446002 0.03420526275297414 0.025806975801127882
b'MC0138' b'iDR4_3_MC0138_0013069' 31.858088 -74.6767 3769.2 5589.1 49.227272 60.166668 27.76923 1 1 17.983978 17.823978 18.21016 0.022 0.018 0.039 -0.22618199999999788 0.16000000000000014 0.04477722635447622 0.02842534080710379
b'MC0138' b'iDR4_3_MC0138_0018509' 28.109798 -73.995895 10457.3 9945.83 47.086956 57.0 28.5 1 1 17.830639 17.73264 18.188124 0.023 0.019 0.038 -0.35748499999999694 0.0979990000000015 0.04441846462902562 0.029832867780352594
b'MC0061' b'iDR4_3_MC0061_0040674' 66.15622 -69.70603 7989.74 5474.94 24.613636 57.0 11.164948 1 1 17.820389 15.83439 18.597776 0.044 0.019 0.097 -0.7773870000000009 1.9859989999999978 0.10651291001564084 0.047927027865287034
b'MC0050' b'iDR4_3_MC0050_0049618' 24.657194 -69.37731 3377.42 7632.93 108.3 108.3 14.25 1 0 13.055927 13.038706 18.325943 0.01 0.01 0.076 -5.270015999999998 0.01722100000000104 0.0766550715869472 0.01414213562373095
b'MC0137' b'iDR4_3_MC0137_0019477' 25.997025 -74.69988 5012.16 5450.76 135.375 154.71428 135.375 1 1 14.091662 13.748662 14.278018 0.008 0.007 0.008 -0.18635599999999997 0.34299999999999997 0.01131370849898476 0.01063014581273465
b'MC0118' b'iDR4_3_MC0118_0010302' 28.45763 -73.9489 5434.3 2311.31 72.2 57.0 34.935482 1 1 14.663005 14.425005 14.825965 0.015 0.019 0.031 -0.16296 0.23799999999999955 0.034438350715445126 0.024207436873820407
b'MC0138' b'iDR4_3_MC0138_0030868' 30.748552 -74.056946 5695.75 9660.25 98.454544 180.5 90.25 1 1 14.430535 13.922536 14.13844 0.011 0.006 0.012 0.29209500000000155 0.5079990000000016 0.016278820596099707 0.012529964086141668
b'MC0118' b'iDR4_3_MC0118_0008172' 27.29946 -73.99208 7525.01 2009.6 67.6875 63.705883 26.414635 1 1 15.050993 14.858875 15.265637 0.016 0.017 0.041 -0.21464399999999983 0.19211800000000068 0.04401136216933078 0.023345235059857503
b'MC0118' b'iDR4_3_MC0118_0022181' 27.505861 -73.662285 7185.53 4174.47 60.166668 72.2 67.6875 1 1 15.056605 14.773605 15.201814 0.018 0.015 0.016 -0.14520900000000125 0.2829999999999995 0.024083189157584593 0.023430749027719962
b'MC0118' b'iDR4_3_MC0118_0028754' 28.476675 -73.48723 5397.02 5333.16 57.0 67.6875 34.935482 1 1 14.770538 14.535539 14.880048 0.019 0.016 0.031 -0.10951000000000022 0.23499900000000018 0.036359317925395686 0.02483948469674844
b'MC0118' b'iDR4_3_MC0118_0029160' 28.955467 -73.47355 4505.48 5418.29 51.57143 57.0 67.6875 1 1 15.017731 14.687731 15.206571 0.021 0.019 0.016 -0.18884000000000079 0.33000000000000007 0.02640075756488817 0.02831960451701259
b'MC0137' b'iDR4_3_MC0137_0018605' 26.294432 -74.72406 4500.04 5288.81 135.375 216.6 154.71428 1 1 14.74273 14.560731 14.956571 0.008 0.005 0.007 -0.2138410000000004 0.18199899999999936 0.01063014581273465 0.009433981132056603
b'MC0137' b'iDR4_3_MC0137_0045601' 27.299557 -73.99212 2639.1 10046.74 108.3 135.375 108.3 1 1 14.978958 14.796959 15.17399 0.01 0.008 0.01 -0.19503199999999943 0.18199900000000113 0.01414213562373095 0.012806248474865698
b'MC0124' b'iDR4_3_MC0124_0005488' 58.81594 -73.83159 1903.34 3019.69 41.653847 60.166668 6.2965117 1 0 14.867738 14.770738 16.87463 0.026 0.018 0.172 -2.0068920000000006 0.09699999999999953 0.17395401691251627 0.03162277660168379
b'MC0119' b'iDR4_3_MC0119_0022859' 31.179213 -73.29349 9223.08 6539.77 83.30769 98.454544 67.6875 1 1 14.778401 14.5664015 14.955172 0.013 0.011 0.016 -0.17677099999999868 0.211999500000001 0.0206155281280883 0.0170293863659264
b'MC0102' b'iDR4_3_MC0102_0002623' 50.870365 -72.72704 1649.9 2115.19 120.333336 120.333336 98.454544 1 1 14.884222 14.673223 15.045575 0.009 0.009 0.011 -0.16135300000000008 0.21099899999999927 0.014212670403551895 0.012727922061357855
b'MC0083' b'iDR4_3_MC0083_0034878' 62.070335 -70.44684 7078.59 8897.42 72.2 120.333336 98.454544 1 1 14.927296 14.365295 14.244035 0.015 0.009 0.011 0.6832609999999999 0.5620010000000004 0.01860107523773827 0.017492855684535902
b'MC0103' b'iDR4_3_MC0103_0002519' 50.87056 -72.727036 10286.03 2080.6 154.71428 180.5 108.3 1 1 14.858976 14.681976 15.019901 0.007 0.006 0.01 -0.16092500000000065 0.1769999999999996 0.012206555615733704 0.009219544457292887
b'MC0138' b'iDR4_3_MC0138_0006237' 31.884274 -75.01042 3761.68 3404.25 90.25 216.6 67.6875 1 1 15.102214 14.834214 15.233282 0.012 0.005 0.016 -0.13106800000000085 0.2680000000000007 0.02 0.013000000000000001
b'MC0138' b'iDR4_3_MC0138_0014274' 30.18649 -74.63884 6663.33 5844.93 120.333336 216.6 90.25 1 1 14.914699 14.736698 15.245576 0.009 0.005 0.012 -0.3308769999999992 0.17800100000000008 0.015 0.010295630140987
b'MC0138' b'iDR4_3_MC0138_0017619' 29.764433 -74.506935 7410.95 6697.3 108.3 216.6 108.3 1 1 14.934676 14.616676 15.076601 0.01 0.005 0.01 -0.14192500000000052 0.3179999999999996 0.01414213562373095 0.011180339887498949
b'MC0118' b'iDR4_3_MC0118_0008010' 26.270779 -73.98895 9382.04 1979.09 40.11111 57.0 60.166668 1 1 15.276726 15.031726 15.360561 0.027 0.019 0.018 -0.08383500000000055 0.24499999999999922 0.0324499614791759 0.03301514803843835
b'MC0118' b'iDR4_3_MC0118_0009108' 28.899439 -73.97295 4635.96 2150.37 49.227272 67.6875 34.935482 1 1 15.349942 15.113942 15.496697 0.022 0.016 0.031 -0.14675499999999886 0.23600000000000065 0.03801315561749642 0.027202941017470887
b'MC0118' b'iDR4_3_MC0118_0012278' 29.686884 -73.889755 3201.48 2674.03 67.6875 63.705883 28.5 1 1 15.482791 15.095791 15.701799 0.016 0.017 0.038 -0.21900799999999876 0.38700000000000045 0.0412310562561766 0.023345235059857503
b'MC0118' b'iDR4_3_MC0118_0012504' 28.93925 -73.8883 4559.21 2703.88 60.166668 51.57143 26.414635 1 1 15.5106 15.3026 15.72465 0.018 0.021 0.041 -0.2140500000000003 0.20800000000000018 0.04477722635447622 0.02765863337187866
b'MC0118' b'iDR4_3_MC0118_0036805' 26.141148 -73.247314 9801.1 6821.64 49.227272 57.0 45.125 1 1 15.150587 14.851587 15.302027 0.022 0.019 0.024 -0.1514400000000009 0.2989999999999995 0.032557641192199414 0.029068883707497266
b'MC0060' b'iDR4_3_MC0060_0031263' 62.53319 -69.05657 7286.93 9737.33 36.1 40.11111 5.854054 1 0 15.345537 15.316537 19.701231 0.03 0.027 0.185 -4.355694 0.028999999999999915 0.1874166481399131 0.04036087214122113
b'MC0137' b'iDR4_3_MC0137_0036968' 25.211695 -74.17528 6397.61 8882.0 108.3 154.71428 108.3 1 1 15.382933 15.152932 15.529265 0.01 0.007 0.01 -0.14633200000000102 0.23000099999999968 0.01414213562373095 0.012206555615733704
b'MC0137' b'iDR4_3_MC0137_0051575' 26.270847 -73.98898 4495.63 10100.64 120.333336 154.71428 98.454544 1 1 15.217879 14.99588 15.3555 0.009 0.007 0.011 -0.13762099999999933 0.22199900000000028 0.014212670403551895 0.011401754250991379
b'MC0081' b'iDR4_3_MC0081_0000719' 52.97977 -71.61991 8470.1 1192.8 45.125 67.6875 67.6875 1 1 15.313572 14.824572 14.692725 0.024 0.016 0.016 0.6208470000000013 0.48900000000000077 0.028844410203711916 0.028844410203711916
b'MC0074' b'iDR4_3_MC0074_0067339' 25.05044 -71.21848 5639.25 3855.81 23.042553 36.1 40.11111 1 1 15.530899 14.692899 14.391762 0.047 0.03 0.027 1.1391369999999998 0.8379999999999992 0.05420332093147061 0.055758407437802596
b'MC0123' b'iDR4_3_MC0123_0001608' 51.164375 -74.037186 7194.21 1720.0 77.35714 49.227272 83.30769 1 1 15.126625 14.691626 14.776645 0.014 0.022 0.013 0.3499800000000004 0.43499900000000125 0.0191049731745428 0.026076809620810593
b'MC0138' b'iDR4_3_MC0138_0026779' 33.107372 -74.37647 1534.56 7493.83 90.25 216.6 60.166668 1 1 15.441679 15.286679 15.676496 0.012 0.005 0.018 -0.2348169999999996 0.15500000000000114 0.021633307652783935 0.013000000000000001
b'MC0138' b'iDR4_3_MC0138_0010454' 31.888386 -74.796844 3730.45 4801.9 108.3 270.75 77.35714 1 1 15.12652 14.64752 15.349905 0.01 0.004 0.014 -0.2233850000000004 0.4789999999999992 0.017204650534085254 0.010770329614269008
b'MC0138' b'iDR4_3_MC0138_0010701' 28.907646 -74.77871 8850.19 4881.0 108.3 180.5 120.333336 1 1 15.32442 15.10528 15.48022 0.01 0.006 0.009 -0.15579999999999927 0.21913999999999945 0.01345362404707371 0.0116619037896906
b'MC0138' b'iDR4_3_MC0138_0013421' 30.362213 -74.670815 6356.91 5638.62 108.3 216.6 90.25 1 1 15.38577 15.183769 15.562684 0.01 0.005 0.012 -0.17691400000000002 0.20200100000000099 0.015620499351813309 0.011180339887498949
