notebooks/Halpha-MC-STAR-intraNuvens.escv
# %ECSV 1.0
# ---
# datatype:
# - {name: Field, datatype: string}
# - {name: ID, datatype: string}
# - {name: RA_r, datatype: float64}
# - {name: DEC_r, datatype: float64}
# - {name: X_r, datatype: float64}
# - {name: Y_r, datatype: float64}
# - {name: s2n_r_psf, datatype: float64}
# - {name: s2n_J0660_psf, datatype: float64}
# - {name: s2n_i_psf, datatype: float64}
# - {name: CLASS_STAR_r, datatype: int64}
# - {name: CLASS_STAR_i, datatype: int64}
# - {name: r_psf, datatype: float64}
# - {name: J0660_psf, datatype: float64}
# - {name: i_psf, datatype: float64}
# - {name: e_r_psf, datatype: float64}
# - {name: e_J0660_psf, datatype: float64}
# - {name: e_i_psf, datatype: float64}
# - {name: r - i, datatype: float64}
# - {name: r - J0660, datatype: float64}
# - {name: e(r - i), datatype: float64}
# - {name: e(r - J0660), datatype: float64}
# schema: astropy-2.0
Field ID RA_r DEC_r X_r Y_r s2n_r_psf s2n_J0660_psf s2n_i_psf CLASS_STAR_r CLASS_STAR_i r_psf J0660_psf i_psf e_r_psf e_J0660_psf e_i_psf "r - i" "r - J0660" "e(r - i)" "e(r - J0660)"
[from data line 284]
b'MC0099' b'iDR4_3_MC0099_0006243' 34.511177 -72.54717 7550.69 3338.35 54.15 67.6875 26.414635 1 1 15.197876 14.963877 15.363109 0.02 0.016 0.041 -0.16523299999999885 0.23399900000000073 0.04561797891182818 0.025612496949731396
b'MC0118' b'iDR4_3_MC0118_0008743' 27.042717 -73.97939 7990.29 2082.92 51.57143 72.2 32.81818 1 1 15.77113 15.438129 15.988945 0.021 0.015 0.033 -0.21781499999999987 0.33300099999999944 0.03911521443121589 0.025806975801127882
b'MC0118' b'iDR4_3_MC0118_0031999' 26.067492 -73.3827 9905.09 5930.71 57.0 63.705883 36.1 1 1 15.711426 15.427426 15.880072 0.019 0.017 0.03 -0.16864600000000074 0.2839999999999989 0.035510561809129405 0.025495097567963924
b'MC0118' b'iDR4_3_MC0118_0063936' 29.21574 -73.770226 4046.72 3471.19 63.705883 57.0 23.543478 1 1 15.899471 15.721472 16.141222 0.017 0.019 0.046 -0.24175099999999894 0.1779989999999998 0.04904079934095691 0.025495097567963924
b'MC0137' b'iDR4_3_MC0137_0018013' 26.266977 -74.738396 4548.26 5195.42 135.375 154.71428 108.3 1 1 15.943733 15.7227335 16.131342 0.008 0.007 0.01 -0.18760900000000014 0.22099949999999957 0.012806248474865698 0.01063014581273465
b'MC0137' b'iDR4_3_MC0137_0021645' 27.327402 -74.63165 2702.52 5860.54 120.333336 180.5 90.25 1 1 15.948593 15.764593 16.160686 0.009 0.006 0.012 -0.21209299999999764 0.18400000000000105 0.015 0.010816653826391968
b'MC0137' b'iDR4_3_MC0137_0045105' 27.042797 -73.97943 3100.62 10141.12 98.454544 120.333336 83.30769 1 1 15.697659 15.392599 15.9255905 0.011 0.009 0.013 -0.2279315000000004 0.3050599999999992 0.0170293863659264 0.014212670403551895
b'MC0096' b'iDR4_3_MC0096_0043939' 24.101633 -72.30744 1762.41 4866.93 108.3 98.454544 90.25 1 1 15.733701 15.5297 15.935422 0.01 0.011 0.012 -0.20172100000000093 0.20400099999999988 0.015620499351813309 0.014866068747318505
b'MC0076' b'iDR4_3_MC0076_0048834' 33.54222 -70.823235 5384.72 6442.95 19.339285 32.81818 45.125 1 1 15.834386 14.909387 14.805509 0.056 0.033 0.024 1.0288769999999996 0.9249989999999997 0.06092618484691127 0.065
b'MC0120' b'iDR4_3_MC0120_0033070' 38.650562 -73.56772 4101.05 4797.5 90.25 77.35714 57.0 1 1 15.675652 15.425652 15.870021 0.012 0.014 0.019 -0.19436900000000001 0.25 0.022472205054244233 0.018439088914585774
b'MC0120' b'iDR4_3_MC0120_0009851' 37.034767 -73.61769 7088.06 4467.87 83.30769 72.2 47.086956 1 1 15.843656 15.665655 16.075869 0.013 0.015 0.023 -0.23221300000000156 0.17800100000000008 0.02641968962724581 0.019849433241279208
b'MC0120' b'iDR4_3_MC0120_0022702' 35.76285 -73.33479 9501.57 6259.68 18.672413 24.613636 27.075 1 1 15.695821 14.789821 14.257248 0.058 0.044 0.04 1.4385729999999999 0.9060000000000006 0.07045565981523415 0.07280109889280519
b'MC0085' b'iDR4_3_MC0085_0011780' 69.64489 -70.61206 8798.46 7784.01 60.166668 60.166668 49.227272 1 1 15.774626 13.621626 16.7434 0.018 0.018 0.022 -0.9687740000000016 2.1530000000000005 0.02842534080710379 0.02545584412271571
b'MC0084' b'iDR4_3_MC0084_0040478' 66.205536 -71.13126 7132.97 4416.4 43.32 67.6875 28.5 1 1 15.686986 15.210985 15.216199 0.025 0.016 0.038 0.4707869999999996 0.47600099999999834 0.04548626166217664 0.02968164415931166
b'MC0001' b'iDR4_3_MC0001_0024779' 68.984055 -63.190765 1687.2 5967.01 29.27027 90.25 25.785715 1 1 15.676442 15.042442 14.850354 0.037 0.012 0.042 0.8260880000000004 0.6340000000000003 0.055973207876626116 0.03889730067755345
b'MC0119' b'iDR4_3_MC0119_0020489' 31.007547 -73.18329 9571.88 7249.52 77.35714 77.35714 63.705883 1 1 15.851119 15.585119 16.013718 0.014 0.014 0.017 -0.16259900000000016 0.266 0.022022715545545243 0.019798989873223333
b'MC0097' b'iDR4_3_MC0097_0023767' 25.42646 -72.35675 7960.76 4577.23 57.0 67.6875 28.5 1 1 15.747916 15.550916 15.92157 0.019 0.016 0.038 -0.1736539999999991 0.19699999999999918 0.042485291572496 0.02483948469674844
b'MC0138' b'iDR4_3_MC0138_0025977' 31.387043 -74.35416 4565.09 7710.74 83.30769 180.5 77.35714 1 1 15.920639 15.755639 16.153301 0.013 0.006 0.014 -0.23266199999999948 0.16499999999999915 0.0191049731745428 0.014317821063276353
b'MC0138' b'iDR4_3_MC0138_0026850' 29.17491 -74.38088 8464.82 7498.05 98.454544 180.5 77.35714 1 1 15.677269 15.514269 15.917499 0.011 0.006 0.014 -0.2402299999999986 0.16300000000000026 0.017804493814764857 0.012529964086141668
b'MC0138' b'iDR4_3_MC0138_0027131' 32.072067 -74.39397 3361.28 7432.45 90.25 216.6 72.2 1 1 15.803444 15.605444 15.990846 0.012 0.005 0.015 -0.18740199999999874 0.1980000000000004 0.019209372712298545 0.013000000000000001
b'MC0138' b'iDR4_3_MC0138_0032451' 29.037216 -74.13887 8755.92 9074.4 108.3 180.5 90.25 1 1 15.55615 15.305824 15.70527 0.01 0.006 0.012 -0.14911999999999992 0.25032600000000116 0.015620499351813309 0.0116619037896906
b'MC0138' b'iDR4_3_MC0138_0006926' 33.164116 -74.96421 1583.97 3645.63 72.2 154.71428 54.15 1 1 15.81716 15.651159 16.07793 0.015 0.007 0.02 -0.26076999999999906 0.16600099999999962 0.025 0.01655294535724685
b'MC0138' b'iDR4_3_MC0138_0011948' 29.968939 -74.73035 7031.56 5241.09 108.3 216.6 98.454544 1 1 15.663194 15.465193 15.89874 0.01 0.005 0.011 -0.23554599999999937 0.19800100000000143 0.014866068747318505 0.011180339887498949
b'MC0138' b'iDR4_3_MC0138_0016781' 29.830612 -74.53632 7291.93 6507.03 108.3 180.5 83.30769 1 1 15.902118 15.742295 16.126143 0.01 0.006 0.013 -0.22402499999999925 0.15982299999999938 0.016401219466856725 0.0116619037896906
b'MC0138' b'iDR4_3_MC0138_0022334' 28.436853 -74.22174 9807.29 8494.13 135.375 216.6 77.35714 1 1 15.753328 15.526328 15.96639 0.008 0.005 0.014 -0.21306200000000075 0.2270000000000003 0.0161245154965971 0.009433981132056603
b'MC0117' b'iDR4_3_MC0117_0001379' 25.640154 -73.86583 1943.27 2796.73 135.375 135.375 120.333336 1 1 15.583514 15.424515 15.810025 0.008 0.008 0.009 -0.22651100000000035 0.15899899999999967 0.012041594578792296 0.01131370849898476
b'MC0117' b'iDR4_3_MC0117_0006498' 25.625546 -73.28313 1845.96 6609.85 135.375 180.5 120.333336 1 1 15.997178 15.727178 16.12224 0.008 0.006 0.009 -0.12506200000000156 0.2699999999999996 0.012041594578792296 0.01
b'MC0117' b'iDR4_3_MC0117_0007728' 24.797535 -73.17145 3390.86 7380.55 135.375 180.5 108.3 1 1 15.802773 15.448773 15.945175 0.008 0.006 0.01 -0.14240200000000058 0.354000000000001 0.012806248474865698 0.01
b'MC0139' b'iDR4_3_MC0139_0006694' 33.164185 -74.96421 10314.31 3606.7 135.375 98.454544 83.30769 1 1 15.798437 15.615437 16.027403 0.008 0.011 0.013 -0.22896599999999978 0.18299999999999983 0.015264337522473748 0.013601470508735444
b'MC0139' b'iDR4_3_MC0139_0017024' 33.676403 -74.20337 9640.01 8621.13 120.333336 98.454544 67.6875 1 1 15.718877 15.415767 15.969245 0.009 0.011 0.016 -0.2503679999999999 0.3031100000000002 0.018357559750685818 0.014212670403551895
b'MC0051' b'iDR4_3_MC0051_0000046' 26.569704 -70.40575 7964.77 894.37 22.5625 83.30769 43.32 1 1 15.820859 15.129859 15.046132 0.048 0.013 0.025 0.7747270000000004 0.6910000000000007 0.05412023651093924 0.049729267036625426
b'MC0051' b'iDR4_3_MC0051_0000523' 26.153088 -70.37856 8883.66 1052.25 25.785715 83.30769 45.125 1 1 15.872106 15.279106 15.153744 0.042 0.013 0.024 0.7183620000000008 0.593 0.0483735464897913 0.04396589587396122
b'MC0051' b'iDR4_3_MC0051_0001920' 26.432964 -70.31958 8276.53 1452.46 20.826923 98.454544 47.086956 1 1 15.81748 14.95848 14.342719 0.052 0.011 0.023 1.474760999999999 0.859 0.056859475903317996 0.05315072906367325
b'MC0061' b'iDR4_3_MC0061_0016852' 68.938194 -70.10714 1746.97 2819.87 83.30769 90.25 54.15 1 1 15.875605 15.697604 16.136646 0.013 0.012 0.02 -0.26104099999999875 0.17800100000000008 0.023853720883753128 0.01769180601295413
b'MC0118' b'iDR4_3_MC0118_0001454' 29.037289 -74.13883 4398.04 1062.29 54.15 51.57143 41.653847 1 1 15.558699 15.320699 15.710736 0.02 0.021 0.026 -0.15203699999999998 0.23800000000000132 0.03280243893371345 0.029
