notebooks/Halpha-MC-STAR-intraNuvens.escv
# %ECSV 1.0
# ---
# datatype:
# - {name: Field, datatype: string}
# - {name: ID, datatype: string}
# - {name: RA_r, datatype: float64}
# - {name: DEC_r, datatype: float64}
# - {name: X_r, datatype: float64}
# - {name: Y_r, datatype: float64}
# - {name: s2n_r_psf, datatype: float64}
# - {name: s2n_J0660_psf, datatype: float64}
# - {name: s2n_i_psf, datatype: float64}
# - {name: CLASS_STAR_r, datatype: int64}
# - {name: CLASS_STAR_i, datatype: int64}
# - {name: r_psf, datatype: float64}
# - {name: J0660_psf, datatype: float64}
# - {name: i_psf, datatype: float64}
# - {name: e_r_psf, datatype: float64}
# - {name: e_J0660_psf, datatype: float64}
# - {name: e_i_psf, datatype: float64}
# - {name: r - i, datatype: float64}
# - {name: r - J0660, datatype: float64}
# - {name: e(r - i), datatype: float64}
# - {name: e(r - J0660), datatype: float64}
# schema: astropy-2.0
Field ID RA_r DEC_r X_r Y_r s2n_r_psf s2n_J0660_psf s2n_i_psf CLASS_STAR_r CLASS_STAR_i r_psf J0660_psf i_psf e_r_psf e_J0660_psf e_i_psf "r - i" "r - J0660" "e(r - i)" "e(r - J0660)"
[from data line 142]
b'MC0117' b'iDR4_3_MC0117_0009596' 25.540134 -72.90362 1929.57 9098.04 154.71428 135.375 120.333336 1 1 16.365406 16.181406 16.522324 0.007 0.008 0.009 -0.156918000000001 0.18400000000000105 0.011401754250991379 0.01063014581273465
b'MC0139' b'iDR4_3_MC0139_0015797' 33.68853 -74.1291 9637.33 9107.84 108.3 98.454544 60.166668 1 1 16.385052 16.117052 16.533564 0.01 0.011 0.018 -0.14851199999999665 0.2680000000000007 0.020591260281974 0.014866068747318505
b'MC0139' b'iDR4_3_MC0139_0020006' 33.159847 -74.37916 10504.72 7431.79 98.454544 98.454544 60.166668 1 1 16.355133 16.196133 16.595247 0.011 0.011 0.018 -0.24011400000000194 0.15899999999999892 0.021095023109728987 0.015556349186104044
b'MC0118' b'iDR4_3_MC0118_0021206' 30.289007 -73.67722 2064.67 4035.84 51.57143 45.125 32.81818 1 1 16.480047 16.245047 16.658 0.021 0.024 0.033 -0.17795300000000225 0.23499999999999943 0.03911521443121589 0.03189043743820395
b'MC0118' b'iDR4_3_MC0118_0030975' 28.867094 -73.421394 4667.47 5761.05 60.166668 60.166668 40.11111 1 1 16.629404 16.422405 16.784431 0.018 0.018 0.027 -0.15502700000000047 0.2069989999999997 0.0324499614791759 0.02545584412271571
b'MC0118' b'iDR4_3_MC0118_0035348' 30.144579 -73.29265 2257.68 6560.1 67.6875 57.0 23.543478 1 1 16.5814 16.2714 16.834082 0.016 0.019 0.046 -0.2526820000000001 0.3099999999999987 0.04870318264754368 0.02483948469674844
b'MC0137' b'iDR4_3_MC0137_0027817' 27.040442 -74.47932 3177.92 6869.73 98.454544 120.333336 67.6875 1 1 16.64243 16.46943 16.829973 0.011 0.009 0.016 -0.18754299999999802 0.17300000000000182 0.0194164878389476 0.014212670403551895
b'MC0137' b'iDR4_3_MC0137_0045003' 28.030884 -74.381905 1419.02 7453.79 98.454544 135.375 60.166668 1 1 16.542679 16.24868 16.87161 0.011 0.008 0.018 -0.32893100000000075 0.29399899999999946 0.021095023109728987 0.013601470508735444
b'MC0096' b'iDR4_3_MC0096_0045169' 23.879074 -72.28949 2201.74 4997.41 90.25 83.30769 72.2 1 1 16.643967 16.458967 16.85685 0.012 0.013 0.015 -0.2128830000000015 0.18499999999999872 0.019209372712298545 0.01769180601295413
b'MC0084' b'iDR4_3_MC0084_0061291' 67.56953 -70.86033 4228.36 6193.99 47.086956 77.35714 36.1 1 1 16.456078 15.770077 16.155739 0.023 0.014 0.03 0.300339000000001 0.686001000000001 0.037802116342871596 0.026925824035672518
b'MC0119' b'iDR4_3_MC0119_0004429' 32.316673 -73.98254 7019.84 2080.41 83.30769 98.454544 57.0 1 1 16.608486 16.442486 16.808516 0.013 0.011 0.019 -0.2000300000000017 0.16600000000000037 0.023021728866442676 0.0170293863659264
b'MC0119' b'iDR4_3_MC0119_0009177' 31.444408 -73.74121 8640.27 3625.72 77.35714 90.25 57.0 1 1 16.508923 16.311924 16.70642 0.014 0.012 0.019 -0.19749700000000203 0.19699899999999815 0.023600847442411893 0.018439088914585774
b'MC0011' b'iDR4_3_MC0011_0021165' 67.84514 -64.593155 4531.26 5337.71 60.166668 47.086956 83.30769 1 1 16.475391 15.8033905 15.455231 0.018 0.023 0.013 1.0201599999999988 0.6720004999999976 0.022203603311174516 0.029206163733020464
b'MC0138' b'iDR4_3_MC0138_0027245' 28.0308 -74.3819 10479.55 7415.02 98.454544 120.333336 72.2 1 1 16.522472 16.240473 16.880587 0.011 0.009 0.015 -0.35811499999999796 0.281998999999999 0.01860107523773827 0.014212670403551895
b'MC0138' b'iDR4_3_MC0138_0029664' 32.31665 -73.98256 2864.52 10115.13 67.6875 108.3 47.086956 1 1 16.541775 16.406775 16.76687 0.016 0.01 0.023 -0.2250949999999996 0.13500000000000156 0.028017851452243798 0.018867962264113206
b'MC0138' b'iDR4_3_MC0138_0009037' 30.499731 -74.86573 6111.28 4364.54 108.3 135.375 77.35714 1 1 16.487497 16.205128 16.652729 0.01 0.008 0.014 -0.1652319999999996 0.28236900000000276 0.017204650534085254 0.012806248474865698
b'MC0138' b'iDR4_3_MC0138_0015799' 32.178032 -74.57177 3200.6 6264.93 77.35714 135.375 57.0 1 1 16.524637 16.321636 16.710777 0.014 0.008 0.019 -0.18614000000000175 0.20300099999999688 0.023600847442411893 0.0161245154965971
b'MC0138' b'iDR4_3_MC0138_0017362' 32.37326 -74.50982 2850.38 6662.21 83.30769 154.71428 54.15 1 1 16.482565 16.228565 16.653147 0.013 0.007 0.02 -0.17058199999999957 0.25400000000000134 0.023853720883753128 0.0147648230602334
b'MC0138' b'iDR4_3_MC0138_0024278' 28.407604 -74.28704 9841.69 8064.86 108.3 135.375 67.6875 1 1 16.470749 16.26375 16.65349 0.01 0.008 0.016 -0.18274100000000004 0.2069989999999997 0.018867962264113206 0.012806248474865698
b'MC0144' b'iDR4_3_MC0144_0010908' 62.293587 -74.881165 4511.53 4260.54 14.635135 67.6875 37.344826 1 1 16.59918 15.921181 15.749102 0.074 0.016 0.029 0.8500779999999999 0.6779989999999998 0.07947955712005446 0.0757099729229908
b'MC0117' b'iDR4_3_MC0117_0000965' 25.624912 -73.946045 1988.03 2272.83 108.3 98.454544 67.6875 1 1 16.562199 16.408197 16.783224 0.01 0.011 0.016 -0.22102500000000092 0.15400199999999842 0.018867962264113206 0.014866068747318505
b'MC0117' b'iDR4_3_MC0117_0008390' 23.289274 -73.09248 6252.31 7914.55 120.333336 135.375 83.30769 1 1 16.475246 16.181246 16.609158 0.009 0.008 0.013 -0.13391200000000225 0.29399999999999693 0.015811388300841896 0.012041594578792296
b'MC0137' b'iDR4_3_MC0137_0007735' 26.167017 -75.08584 4737.81 2922.71 90.25 108.3 60.166668 1 1 16.846796 16.692795 17.054543 0.012 0.01 0.018 -0.20774699999999768 0.15400100000000094 0.021633307652783935 0.015620499351813309
b'MC0137' b'iDR4_3_MC0137_0022322' 28.052732 -74.60609 1438.3 5985.92 98.454544 108.3 57.0 1 1 16.839842 16.648842 17.100117 0.011 0.01 0.019 -0.26027500000000003 0.1910000000000025 0.02195449840010015 0.014866068747318505
b'MC0137' b'iDR4_3_MC0137_0023005' 27.535835 -74.59434 2333.59 6094.27 98.454544 98.454544 63.705883 1 1 16.812624 16.655622 17.026154 0.011 0.011 0.017 -0.21352999999999867 0.15700199999999853 0.020248456731316585 0.015556349186104044
b'MC0096' b'iDR4_3_MC0096_0007828' 23.044773 -72.81974 3910.14 1561.08 83.30769 90.25 67.6875 1 1 16.729475 16.607475 16.976885 0.013 0.012 0.016 -0.24740999999999858 0.12199999999999989 0.0206155281280883 0.01769180601295413
b'MC0120' b'iDR4_3_MC0120_0004168' 37.654003 -73.92665 5936.78 2456.06 63.705883 54.15 51.57143 1 1 16.758423 16.530422 16.945953 0.017 0.02 0.021 -0.18752999999999886 0.228000999999999 0.027018512172212593 0.026248809496813377
b'MC0119' b'iDR4_3_MC0119_0024556' 30.901989 -73.36535 9726.69 6051.23 72.2 72.2 47.086956 1 1 16.853464 16.729465 17.13623 0.015 0.015 0.023 -0.2827660000000023 0.12399899999999775 0.02745906043549196 0.021213203435596427
b'MC0097' b'iDR4_3_MC0097_0018827' 24.624083 -72.46966 9527.0 3795.08 40.11111 60.166668 25.186047 1 1 16.756655 16.522655 16.915298 0.027 0.018 0.043 -0.15864300000000142 0.2339999999999982 0.05077400909914441 0.0324499614791759
b'MC0138' b'iDR4_3_MC0138_0025226' 29.396154 -74.327 8083.7 7860.9 90.25 108.3 60.166668 1 1 16.710857 16.536856 16.883215 0.012 0.01 0.018 -0.17235799999999912 0.17400100000000052 0.021633307652783935 0.015620499351813309
b'MC0138' b'iDR4_3_MC0138_0027732' 32.280937 -74.41055 2996.16 7315.79 83.30769 98.454544 47.086956 1 1 16.850706 16.653706 17.02506 0.013 0.011 0.023 -0.174354000000001 0.19699999999999918 0.02641968962724581 0.0170293863659264
b'MC0138' b'iDR4_3_MC0138_0038052' 32.33579 -74.3892 2896.22 7453.14 77.35714 120.333336 67.6875 1 1 16.709244 16.464243 16.91744 0.014 0.009 0.016 -0.20819599999999738 0.24500100000000202 0.0212602916254693 0.016643316977093238
b'MC0138' b'iDR4_3_MC0138_0014116' 28.740019 -74.632744 9172.16 5825.96 98.454544 120.333336 51.57143 1 1 16.833868 16.678867 17.034662 0.011 0.009 0.021 -0.20079400000000192 0.1550009999999986 0.023706539182259397 0.014212670403551895
b'MC0138' b'iDR4_3_MC0138_0014557' 28.052734 -74.606094 10371.67 5950.89 90.25 108.3 60.166668 1 1 16.849854 16.648853 17.110748 0.012 0.01 0.018 -0.2608940000000004 0.20100100000000154 0.021633307652783935 0.015620499351813309
b'MC0138' b'iDR4_3_MC0138_0015560' 28.577074 -74.573326 9469.56 6204.16 77.35714 120.333336 60.166668 1 1 16.78749 16.54849 16.914919 0.014 0.009 0.018 -0.1274290000000029 0.23899999999999721 0.022803508501982758 0.016643316977093238
b'MC0117' b'iDR4_3_MC0117_0004166' 24.139557 -73.49712 4653.87 5265.23 98.454544 98.454544 67.6875 1 1 16.729061 16.486061 16.8939 0.011 0.011 0.016 -0.16483899999999707 0.2430000000000021 0.0194164878389476 0.015556349186104044
b'MC0117' b'iDR4_3_MC0117_0004753' 24.343996 -73.43699 4269.42 5655.26 120.333336 135.375 72.2 1 1 16.730276 16.538277 16.928694 0.009 0.008 0.015 -0.1984180000000002 0.19199899999999914 0.017492855684535902 0.012041594578792296
b'MC0118' b'iDR4_3_MC0118_0023983' 29.140554 -73.61302 4171.87 4501.86 20.055555 14.835616 20.055555 1 1 16.95989 16.22089 16.287374 0.054 0.073 0.054 0.6725160000000017 0.7390000000000008 0.07636753236814713 0.09080198235721508
b'MC0137' b'iDR4_3_MC0137_0026937' 25.591051 -74.50393 5716.01 6734.34 90.25 108.3 63.705883 1 1 16.899166 16.746166 17.086222 0.012 0.01 0.017 -0.18705599999999833 0.15300000000000225 0.020808652046684813 0.015620499351813309
b'MC0106' b'iDR4_3_MC0106_0021118' 66.17292 -72.388756 6478.3 4389.07 90.25 90.25 63.705883 1 1 17.0592 16.7722 16.987886 0.012 0.012 0.017 0.07131400000000099 0.28699999999999903 0.020808652046684813 0.01697056274847714
b'MC0096' b'iDR4_3_MC0096_0032550' 24.378138 -72.4722 1251.26 3770.67 77.35714 67.6875 60.166668 1 1 16.976475 16.825476 17.208042 0.014 0.016 0.018 -0.2315669999999983 0.15099900000000233 0.022803508501982758 0.0212602916254693
b'MC0120' b'iDR4_3_MC0120_0007061' 37.767982 -73.77138 5732.37 3473.09 54.15 72.2 49.227272 1 1 16.893124 16.770124 17.219154 0.02 0.015 0.022 -0.3260299999999994 0.12300000000000111 0.02973213749463701 0.025
b'MC0125' b'iDR4_3_MC0125_0023561' 60.167686 -73.276634 8158.37 6680.31 36.1 57.0 36.1 1 1 17.062117 16.783709 17.16003 0.03 0.019 0.03 -0.09791299999999836 0.2784079999999989 0.042426406871192854 0.035510561809129405
b'MC0001' b'iDR4_3_MC0001_0017227' 66.7535 -63.410606 8250.89 4546.26 32.81818 67.6875 10.939394 1 1 17.04663 16.465631 16.73771 0.033 0.016 0.099 0.3089200000000005 0.580999000000002 0.10435516278555652 0.0366742416417845
b'MC0121' b'iDR4_3_MC0121_0005515' 43.481396 -73.74998 3943.99 3602.33 108.3 108.3 57.0 1 1 16.937143 16.778143 17.154606 0.01 0.01 0.019 -0.21746300000000218 0.15899999999999892 0.021470910553583886 0.01414213562373095
b'MC0080' b'iDR4_3_MC0080_0007984' 51.36672 -71.011604 3085.14 5187.42 67.6875 72.2 49.227272 1 1 17.099365 16.734365 16.830923 0.016 0.015 0.022 0.2684420000000003 0.36499999999999844 0.027202941017470887 0.021931712199461308
b'MC0138' b'iDR4_3_MC0138_0005903' 28.34722 -75.014656 9747.46 3301.7 83.30769 108.3 47.086956 1 1 16.999893 16.842894 17.192072 0.013 0.01 0.023 -0.19217899999999943 0.156998999999999 0.02641968962724581 0.016401219466856725
b'MC0138' b'iDR4_3_MC0138_0006678' 32.147663 -74.98199 3311.8 3581.62 60.166668 98.454544 43.32 1 1 17.078249 16.948248 17.324415 0.018 0.011 0.025 -0.24616599999999877 0.13000100000000003 0.03080584360149873 0.021095023109728987
b'MC0138' b'iDR4_3_MC0138_0027446' 31.913185 -74.402306 3641.98 7383.25 77.35714 83.30769 43.32 1 1 17.106415 16.902416 17.312864 0.014 0.013 0.025 -0.20644900000000277 0.2039989999999996 0.028653097563788806 0.0191049731745428
b'MC0138' b'iDR4_3_MC0138_0009258' 29.134352 -74.8484 8447.53 4437.07 90.25 98.454544 51.57143 1 1 16.933525 16.699524 17.10862 0.012 0.011 0.021 -0.1750949999999989 0.23400099999999924 0.02418677324489565 0.016278820596099707
b'MC0138' b'iDR4_3_MC0138_0029204' 32.917976 -74.45939 1887.07 6963.47 72.2 108.3 43.32 1 1 17.069134 16.931135 17.279215 0.015 0.01 0.025 -0.2100810000000024 0.1379989999999971 0.029154759474226504 0.018027756377319945
b'MC0138' b'iDR4_3_MC0138_0021054' 28.94683 -74.182014 8908.47 8787.02 77.35714 108.3 54.15 1 1 17.110598 16.862598 17.260496 0.014 0.01 0.02 -0.1498980000000003 0.2480000000000011 0.02441311123146741 0.017204650534085254
b'MC0056' b'iDR4_3_MC0056_0008122' 47.276463 -69.91931 5941.13 4100.55 83.30769 51.57143 45.125 1 1 17.006798 16.6988 17.143272 0.013 0.021 0.024 -0.13647399999999976 0.3079980000000013 0.027294688127912362 0.02469817807045694
b'MC0117' b'iDR4_3_MC0117_0004931' 25.069569 -73.41928 2913.05 5748.0 98.454544 108.3 67.6875 1 1 17.000387 16.854387 17.216372 0.011 0.01 0.016 -0.21598499999999987 0.1460000000000008 0.0194164878389476 0.014866068747318505
b'MC0117' b'iDR4_3_MC0117_0009268' 24.387808 -72.96816 4151.55 8722.9 98.454544 98.454544 60.166668 1 1 16.917177 16.727814 17.080416 0.011 0.011 0.018 -0.1632390000000008 0.18936300000000017 0.021095023109728987 0.015556349186104044
b'MC0051' b'iDR4_3_MC0051_0001469' 25.842402 -70.337265 9574.58 1303.43 25.186047 63.705883 41.653847 1 1 17.046625 16.456625 16.203201 0.043 0.017 0.026 0.8434239999999988 0.5899999999999999 0.050249378105604446 0.046238512086787566
b'MC0118' b'iDR4_3_MC0118_0011507' 29.132284 -73.91418 4210.6 2530.89 67.6875 63.705883 30.083334 1 1 17.145966 16.961966 17.316042 0.016 0.017 0.036 -0.17007599999999812 0.18400000000000105 0.03939543120718442 0.023345235059857503
b'MC0118' b'iDR4_3_MC0118_0038359' 28.383698 -73.21248 5571.12 7131.58 47.086956 57.0 33.84375 1 1 17.320168 17.111168 17.536434 0.023 0.019 0.032 -0.21626600000000096 0.20899999999999963 0.03940812099047606 0.029832867780352594
b'MC0105' b'iDR4_3_MC0105_0012794' 60.404125 -72.2544 9127.16 5217.72 47.086956 40.11111 7.4689655 1 0 17.248285 17.180285 19.846174 0.023 0.027 0.145 -2.597889000000002 0.06799999999999784 0.14681280598094976 0.0354682957019364
b'MC0001' b'iDR4_3_MC0001_0011788' 68.82715 -63.583305 2195.83 3406.69 26.414635 45.125 29.27027 1 1 17.1741 16.5711 16.900555 0.041 0.024 0.037 0.2735449999999986 0.602999999999998 0.055226805085936304 0.04750789408087881
b'MC0119' b'iDR4_3_MC0119_0001776' 31.65372 -74.09396 8198.69 1327.63 67.6875 60.166668 43.32 1 1 17.260818 17.094818 17.467676 0.016 0.018 0.025 -0.20685800000000043 0.16600000000000037 0.02968164415931166 0.024083189157584593
b'MC0119' b'iDR4_3_MC0119_0005958' 32.250725 -73.913376 7145.82 2531.33 63.705883 67.6875 41.653847 1 1 17.250307 16.991306 17.451658 0.017 0.016 0.026 -0.20135099999999895 0.2590009999999978 0.031064449134018134 0.023345235059857503
b'MC0021' b'iDR4_3_MC0021_0034284' 68.74484 -66.19445 10544.59 3255.98 5.5255103 108.3 10.514564 1 1 17.191303 15.622304 16.043621 0.196 0.01 0.103 1.1476819999999996 1.5689990000000016 0.2214158982548453 0.19625493624365226
b'MC0138' b'iDR4_3_MC0138_0027105' 28.84102 -74.38624 9051.81 7444.74 77.35714 90.25 47.086956 1 1 17.165613 17.027613 17.379915 0.014 0.012 0.023 -0.214302 0.13800000000000168 0.026925824035672518 0.018439088914585774
b'MC0138' b'iDR4_3_MC0138_0019418' 31.653748 -74.09396 4071.47 9408.53 63.705883 98.454544 38.67857 1 1 17.20945 17.07045 17.422033 0.017 0.011 0.028 -0.21258299999999863 0.13899999999999935 0.0327566787083184 0.020248456731316585
b'MC0117' b'iDR4_3_MC0117_0006088' 23.95769 -73.32997 4987.01 6361.39 108.3 90.25 60.166668 1 1 17.126345 16.946344 17.361248 0.01 0.012 0.018 -0.2349029999999992 0.18000100000000074 0.020591260281974 0.015620499351813309
b'MC0118' b'iDR4_3_MC0118_0017298' 29.264816 -73.771126 3957.03 3464.03 49.227272 51.57143 30.942858 1 1 17.364471 17.17147 17.558222 0.022 0.021 0.035 -0.1937509999999989 0.19300100000000242 0.041340053217188776 0.0304138126514911
b'MC0137' b'iDR4_3_MC0137_0023939' 27.230886 -74.57094 2859.75 6262.24 77.35714 77.35714 49.227272 1 1 17.490524 17.309525 17.691668 0.014 0.014 0.022 -0.20114399999999932 0.1809989999999999 0.026076809620810593 0.019798989873223333
b'MC0119' b'iDR4_3_MC0119_0004420' 33.64034 -73.98643 4629.34 2062.14 60.166668 67.6875 37.344826 1 1 17.528273 17.304272 17.758028 0.018 0.016 0.029 -0.22975500000000082 0.22400099999999767 0.03413209633175202 0.024083189157584593
b'MC0141' b'iDR4_3_MC0141_0011748' 48.67287 -74.28956 1270.48 8052.91 15.041667 83.30769 10.314285 1 1 17.43067 16.75867 17.65867 0.072 0.013 0.105 -0.22800000000000153 0.6720000000000006 0.12731457104353766 0.07316419889536138
