zp/zp.ecsv
# %ECSV 1.0
# ---
# datatype:
# - {name: F378, datatype: float64}
# - {name: F395, datatype: float64}
# - {name: F410, datatype: float64}
# - {name: F430, datatype: float64}
# - {name: F515, datatype: float64}
# - {name: F660, datatype: float64}
# - {name: F861, datatype: float64}
# - {name: field, datatype: string}
# - {name: G, datatype: float64}
# - {name: I, datatype: float64}
# - {name: R, datatype: float64}
# - {name: U, datatype: float64}
# - {name: Z, datatype: float64}
# meta: !!omap
# - {TCOMM1: description}
# - {TCOMM2: description}
# - {TCOMM3: description}
# - {TCOMM4: description}
# - {TCOMM5: description}
# - {TCOMM6: description}
# - {TCOMM7: description}
# - {TCOMM8: description}
# - {TCOMM9: description}
# - {TCOMM10: description}
# - {TCOMM11: description}
# - {TCOMM12: description}
# - {TCOMM13: description}
# - {DATE-HDU: '2022-07-22T05:05:31'}
# - {STILVERS: 3.3-2}
# - {STILCLAS: uk.ac.starlink.fits.FitsTableWriter}
# schema: astropy-2.0
F378 F395 F410 F430 F515 F660 F861 field G I R U Z
[from data line 917]
20.088 20.016 21.062 21.16 21.468000000000004 21.078000000000003 21.601 HYDRA-0118 23.514 23.316 23.548 20.833 22.71
20.164 20.103 21.112 21.199 21.477 21.101 21.612 HYDRA-0119 23.516 23.347 23.564 20.913 22.743
19.347 19.361 20.453 20.603 20.795 20.315 20.855 HYDRA-0120 22.892 22.56 22.812 20.111 21.966
19.317 19.295 20.435 20.577 20.762 20.285 20.781 HYDRA-0121 22.832 22.507 22.757 20.023 21.864
20.012 20.007 21.062 21.198 21.477 21.102 21.622 HYDRA-0122 23.535 23.35 23.579 20.715 22.749
20.109 20.114 21.118 21.217 21.492 21.118 21.641 HYDRA-0123 23.525 23.36 23.583 20.813 22.751
19.858 19.842 20.896 21.01 21.351 21.028 21.575 HYDRA-0124 23.375 23.263 23.476 20.525 22.636
20.139 20.085 21.108 21.21 21.501 21.109 21.623 HYDRA-0125 23.543000000000003 23.368 23.59 20.879 22.792
20.022 19.965 21.04 21.147 21.439 21.069000000000003 21.594 HYDRA-0126 23.503 23.312 23.542 20.805 22.712
19.999 19.963 21.046 21.155 21.453000000000003 21.073 21.591 HYDRA-0127 23.513 23.316 23.546 20.735 22.691
19.986 19.946 20.967 21.075 21.397 21.051 21.603 HYDRA-0128 23.429 23.309 23.519 20.734 22.681
19.34 19.333 20.451 20.596 20.782 20.289 20.796 HYDRA-0129 22.843000000000004 22.526 22.766 20.013 21.914
19.507 19.505 20.596 20.735 21.067 20.849 21.475 HYDRA-0130 23.107 23.141 23.281 20.178 22.524
19.852 19.808 20.861 20.964 21.252 21.047 21.598000000000003 HYDRA-0131 23.316 23.285 23.436 20.587 22.705
19.951 19.889 20.925 21.02 21.337 21.099 21.604 HYDRA-0132 23.376 23.343000000000004 23.481 20.664 22.727
20.022 19.987 21.011 21.095 21.408 21.059 21.588 HYDRA-0133 23.437 23.304 23.508000000000003 20.691 22.67
20.154 20.083 21.107 21.197 21.48 21.085 21.599 HYDRA-0134 23.503 23.317 23.537 20.901 22.718000000000004
20.045 20.017 21.062 21.171 21.452 21.072 21.595 HYDRA-0135 23.504 23.32 23.544 20.8 22.698
19.423 19.402 20.496 20.619 20.819000000000003 20.342 20.848000000000003 HYDRA-0136 22.919 22.597 22.845 20.173 22.005
19.314 19.34 20.456 20.601 20.772 20.272 20.766 HYDRA-0137 22.827 22.502 22.739 19.993 21.872
20.009 20.035 21.08 21.216 21.507 21.122 21.629 HYDRA-0138 23.535 23.353 23.566 20.685 22.753
19.973 19.957 21.018 21.135 21.426 21.068 21.583 HYDRA-0139 23.458 23.291 23.513 20.679 22.664
19.854 19.804 20.822 21.15 21.448 21.08 21.603 HYDRA-0140 23.482 23.305 23.539 20.533 22.639
19.969 19.902 20.954 21.057 21.373 21.047 21.575 HYDRA-0141 23.409 23.269 23.489 20.724 22.639
20.062 20.018 21.049 21.159 21.452 21.083 21.58 HYDRA-0142 23.491 23.3 23.533 20.769 22.675
20.155 20.116 21.094 21.194000000000003 21.446 21.053 21.58 HYDRA-0143 23.476 23.308000000000003 23.521 20.884 22.696
20.077 20.103 21.112 21.217 21.474 21.076 21.605 HYDRA-0144 23.516 23.32 23.551 20.816 22.692
20.019 19.961 21.069000000000003 21.196 21.483 21.102 21.596 HYDRA-0145 23.541 23.333 23.579 20.724 22.72
20.196 20.138 21.175 21.291 21.543000000000003 21.098000000000003 21.61 HYDRA-0146 23.576 23.398000000000003 23.608 20.887 22.716
19.895 19.863 20.875 20.987 21.279 20.982 21.54 HYDRA-0147 23.31 23.243 23.43 20.549 22.61
19.883 19.87 20.976 21.107 21.443 21.083 21.606 HYDRA-0148 23.473000000000003 23.343000000000004 23.539 20.568 22.765
20.056 20.004 21.026 21.129 21.427 21.07 21.584 HYDRA-0149 23.465 23.293000000000003 23.531 20.743 22.67
20.144 20.085 21.098000000000003 21.205 21.453000000000003 21.066 21.574 HYDRA-0150 23.5 23.29 23.527 20.863000000000003 22.68
20.152 20.131 21.104 21.222 21.467 21.051 21.575 HYDRA-0151 23.508000000000003 23.284 23.531 20.859 22.652
20.011 19.981 21.053 21.177 21.455 21.079 21.568 HYDRA-0152 23.504 23.322 23.55 20.688 22.706
20.147 20.126 21.139 21.273000000000003 21.491 21.095 21.605 HYDRA-0153 23.53 23.337 23.564 20.801 22.738000000000003
20.11 20.078 21.125 21.253 21.499 21.011 21.518 HYDRA-0154 23.519 23.252 23.485 20.858 22.643
19.959 19.945 20.958 21.07 21.396 21.052 21.573 HYDRA-0155 23.415 23.297 23.501 20.611 22.67
20.014 20.013 21.052 21.176 21.482 21.084 21.618 HYDRA-0156 23.487 23.331 23.537 20.713 22.721
19.972 19.947 20.985 21.108 21.408 21.037 21.551 HYDRA-0157 23.442 23.263 23.49 20.616 22.63
20.142 20.085 21.082 21.192 21.451 21.051 21.55 HYDRA-0158 23.491 23.269 23.515 20.875 22.637
20.117 20.037 21.064 21.16 21.428 21.053 21.562 HYDRA-0159 23.455 23.279 23.511 20.864 22.643
19.978 20.015 21.07 21.199 21.467 21.047 21.573 HYDRA-0160 23.497 23.315 23.521 20.649 22.715
20.056 20.028 21.034 21.177 21.445 21.051 21.545 HYDRA-0161 23.477 23.279 23.511 20.712 22.645
19.976 19.966 20.964 21.08 21.342 21.009 21.536 HYDRA-0162 23.36 23.254 23.451 20.626 22.62
19.66 19.626 20.644 20.77 21.067 20.83 21.449 HYDRA-0163 23.075 23.106 23.248 20.29 22.479
19.931 19.909 21.006 21.138 21.459 21.068 21.581 HYDRA-0164 23.473000000000003 23.315 23.523000000000003 20.639 22.715
19.844 19.845 20.953000000000003 21.06 21.386 21.038 21.542 HYDRA-0165 23.432 23.254 23.486 20.515 22.613000000000003
20.12 20.059 21.089 21.207 21.453000000000003 21.047 21.543000000000003 HYDRA-0166 23.486 23.253 23.5 20.87 22.613000000000003
20.133 20.083 21.081 21.187 21.451 21.029 21.54 HYDRA-0167 23.477 23.255 23.497 20.894 22.614
