zp/zp.ecsv
# %ECSV 1.0
# ---
# datatype:
# - {name: F378, datatype: float64}
# - {name: F395, datatype: float64}
# - {name: F410, datatype: float64}
# - {name: F430, datatype: float64}
# - {name: F515, datatype: float64}
# - {name: F660, datatype: float64}
# - {name: F861, datatype: float64}
# - {name: field, datatype: string}
# - {name: G, datatype: float64}
# - {name: I, datatype: float64}
# - {name: R, datatype: float64}
# - {name: U, datatype: float64}
# - {name: Z, datatype: float64}
# meta: !!omap
# - {TCOMM1: description}
# - {TCOMM2: description}
# - {TCOMM3: description}
# - {TCOMM4: description}
# - {TCOMM5: description}
# - {TCOMM6: description}
# - {TCOMM7: description}
# - {TCOMM8: description}
# - {TCOMM9: description}
# - {TCOMM10: description}
# - {TCOMM11: description}
# - {TCOMM12: description}
# - {TCOMM13: description}
# - {DATE-HDU: '2022-07-22T05:05:31'}
# - {STILVERS: 3.3-2}
# - {STILCLAS: uk.ac.starlink.fits.FitsTableWriter}
# schema: astropy-2.0
F378 F395 F410 F430 F515 F660 F861 field G I R U Z
[from data line 761]
20.17 20.08 21.095 21.175 21.498 21.129 21.657 SPLUS-s18s23 23.546 23.4 23.6 20.923 22.826
20.292 20.234 21.269 21.386 21.64 21.177 21.684 SPLUS-s19s22 23.69 23.433000000000003 23.661 20.275 22.886
20.193 20.111 21.109 21.197 21.493 21.142 21.676 SPLUS-s19s23 23.554 23.42 23.604 20.959 22.867
20.172 20.091 21.109 21.199 21.497 21.034 21.61 SPLUS-s19s24 23.546 23.303 23.483 20.92 22.722
20.173 20.077 21.101 21.202 21.504 21.122 21.663 SPLUS-s20s22 23.557 23.397 23.61 20.846 22.851
20.124 20.046 21.101 21.18 21.497 21.139 21.67 SPLUS-s20s23 23.548 23.407 23.609 20.881 22.861
20.162 20.076 21.092 21.197 21.502 21.128 21.662 SPLUS-s20s24 23.548 23.393 23.598000000000003 20.882 22.802
20.166 20.079 21.107 21.197 21.528 21.125 21.668000000000003 SPLUS-s20s25 23.564 23.417 23.611 20.929 22.874
20.16 20.095 21.101 21.206 21.52 21.131 21.673 SPLUS-s21s21 23.564 23.409 23.61 20.876 22.843000000000004
19.535 19.486 20.535 20.642 20.858 20.386 20.89 SPLUS-s21s22 22.941 22.645 22.876 20.288 22.06
20.183 20.112 21.115 21.216 21.52 21.134 21.68 SPLUS-s21s23 23.563 23.416 23.614 20.945 22.842
20.151 20.101 21.111 21.208 21.497 21.118 21.661 SPLUS-s21s24 23.547 23.412 23.599 20.885 22.857
20.311 20.242 21.297 21.405 21.657 21.189 21.7 SPLUS-s22s21 23.704 23.447 23.667 21.058000000000003 22.873
20.205 20.148 21.128 21.232 21.519 21.131 21.673 SPLUS-s22s24 23.57 23.413 23.612 20.941 22.829
20.304 20.272 21.283 21.411 21.644 21.193 21.707 SPLUS-s23s21 23.688 23.46 23.673 21.009 22.917
20.323 20.254 21.292 21.407 21.646 21.196 21.707 SPLUS-s23s22 23.693 23.462 23.678 21.066 22.909
20.319000000000003 20.282 21.282 21.385 21.628 21.187 21.722 SPLUS-s23s23 23.676 23.452 23.675 21.074 22.874
20.195 20.121 21.111 21.197 21.502 21.135 21.673 SPLUS-s23s25 23.547 23.427 23.612 20.94 22.871
20.312 20.224 21.279 21.393 21.653 21.196 21.709 SPLUS-s23s26 23.697 23.457 23.678 21.096 22.884
20.209 20.119 21.133000000000003 21.208 21.506 21.129 21.67 SPLUS-s23s27 23.551 23.411 23.619 20.965 22.817
20.309 20.225 21.271 21.379 21.644 21.192 21.709 SPLUS-s23s28 23.695 23.455 23.675 21.099 22.889
20.308 20.257 21.281 21.401 21.65 21.181 21.68 SPLUS-s24s49 23.703000000000003 23.454 23.671 21.025 22.895
20.109 20.082 21.095 21.206 21.496 21.12 21.663 SPLUS-s24s50 23.543000000000003 23.394 23.595 20.79 22.83
20.362 20.304 21.325 21.437 21.658 21.19 21.705 SPLUS-s24s51 23.708 23.454 23.678 21.116 22.887
20.317 20.27 21.286 21.403 21.647 21.184 21.699 SPLUS-s24s52 23.699 23.455 23.667 21.062 22.891
20.129 20.045 21.101 21.205 21.521 21.128 21.66 SPLUS-s24s53 23.562 23.391 23.602 20.862 22.822
20.096 20.055 21.088 21.219 21.52 21.125 21.669 SPLUS-s24s54 23.561 23.389 23.604 20.821 22.825
20.179 20.107 21.125 21.198 21.52 21.153 21.691 SPLUS-s24s55 23.561 23.425 23.62 20.967 22.866
20.309 20.229 21.259 21.37 21.635 21.208 21.72 SPLUS-s25s49 23.687 23.465 23.678 21.026 22.919
20.124 20.157 20.818 20.718000000000004 21.639 21.193 21.682 SPLUS-s25s50 23.702 23.441 23.669 21.075 22.874
20.283 20.278 21.247 21.361 21.613000000000003 21.183000000000003 21.719 SPLUS-s25s51 23.679 23.449 23.66 21.045 22.88
20.134 20.136 21.128 21.251 21.53 21.14 21.671 SPLUS-s25s52 23.579 23.394 23.606 20.806 22.841
20.309 20.232 21.282 21.386 21.643 21.194000000000003 21.709 SPLUS-s26s48 23.7 23.453000000000003 23.674 21.055 22.88
20.117 20.081 21.067 21.165 21.479 21.142 21.68 SPLUS-s26s49 23.527 23.426 23.62 20.808000000000003 22.87
20.165 20.131 21.124 21.229 21.521 21.143 21.68 SPLUS-s26s50 23.571 23.43 23.618 20.898000000000003 22.908
20.183 20.136 21.108 21.206 21.49 21.128 21.665 SPLUS-s26s51 23.544 23.405 23.606 20.928 22.829
20.123 20.079 21.099 21.193 21.501 21.129 21.663 SPLUS-s27s47 23.546 23.397 23.599 20.88 22.834
20.159 20.113 21.133000000000003 21.224 21.527 21.127 21.676 SPLUS-s27s48 23.577 23.412 23.611 20.925 22.869
20.136 20.093 21.058000000000003 21.174 21.508000000000003 21.128 21.672 SPLUS-s27s49 23.562 23.412 23.618 20.873 22.842
19.541 19.476 20.528 20.633000000000003 20.858 20.382 20.825 SPLUS-s28s47 22.937 22.633000000000003 22.867 20.291 22.037
20.089 20.052 21.057 21.158 21.487 21.126 21.665 SPLUS-s28s48 23.533 23.398000000000003 23.6 20.826 22.843000000000004
20.172 20.133 21.114 21.21 21.526 21.153 21.683000000000003 SPLUS-s28s49 23.563 23.414 23.615 20.925 22.84
20.298 20.207 21.278 21.402 21.652 21.198 21.731 SPLUS-s29s46 23.696 23.452 23.672 21.054 22.875
20.103 20.065 21.099 21.216 21.54 21.135 21.666 SPLUS-s29s47 23.578000000000003 23.414 23.613000000000003 20.84 22.872
20.148 20.068 21.093000000000004 21.194000000000003 21.522 21.14 21.675 SPLUS-s29s48 23.567 23.42 23.619 20.901 22.882
20.267 20.177 21.247 21.353 21.639 21.111 21.656 SPLUS-s30s45 23.691 23.377 23.701 21.045 22.804
20.176 20.055 21.083 21.18 21.514 21.153 21.681 SPLUS-s30s47 23.553 23.413 23.614 20.906 22.848000000000003
20.256 20.201 21.255 21.354 21.64 21.194000000000003 21.705 SPLUS-s31s44 23.697 23.467 23.673 21.019 22.771
20.038 20.0 21.056 21.171 21.508000000000003 21.149 21.679 SPLUS-s31s45 23.545 23.423 23.6 20.765 22.868
20.251 20.16 21.26 21.361 21.632 21.198 21.705 SPLUS-s32s43 23.678 23.464 23.665 21.015 22.894
19.781 19.745 20.777 20.879 21.233 20.991 21.514 SPLUS-s32s44 23.283 23.203000000000003 23.362 20.469 22.668000000000003
20.121 20.033 21.066 21.152 21.481 21.124 21.653 SPLUS-s32s45 23.524 23.385 23.587 20.854 22.801
19.935 19.834 20.837 20.944000000000003 21.253 20.771 21.185 SPLUS-s33s43 23.256 23.053 23.246 20.693 22.433000000000003
20.133 20.067 21.088 21.179 21.497 21.136 21.656 SPLUS-s33s44 23.55 23.386 23.583 20.878 22.79
20.261 20.251 21.267 21.364 21.631 21.19 21.702 SPLUS-s34s42 23.673 23.46 23.657 21.0 22.914
20.071 20.013 21.068 21.174 21.516 21.124 21.663 SPLUS-s34s43 23.554 23.413 23.599 20.834 22.877
20.057 19.978 21.006 21.074 21.404 21.107 21.663 SPLUS-s35s41 23.451 23.403 23.58 20.787 22.855
20.058 19.941 21.023000000000003 21.148000000000003 21.492 21.127 21.665 SPLUS-s36s40 23.541 23.403 23.602 20.817 22.858
20.08 19.996 21.056 21.148000000000003 21.484 21.115 21.675 SPLUS-s36s41 23.511 23.406 23.588 20.841 22.855
20.087 20.014 21.065 21.171 21.494 21.134 21.67 SPLUS-s37s39 23.533 23.424 23.617 20.813 22.898000000000003
20.105 20.028 21.057 21.154 21.491 21.128 21.652 SPLUS-s39s37 23.536 23.387 23.596 20.831 22.802
20.293 20.157 21.262 21.39 21.644 21.194000000000003 21.704 SPLUS-s13s46 23.697 23.444000000000003 23.67 20.968000000000004 22.863000000000003
20.168 20.073 21.175 21.303 21.54 21.046 21.634 SPLUS-s17s30 23.569000000000003 23.317 23.507 20.895 22.748
20.283 20.199 21.064 21.33 21.64 21.183000000000003 21.687 SPLUS-s18s28 23.699 23.425 23.66 21.066 22.851
20.297 20.209 21.235 21.329 21.604 21.185 21.706 SPLUS-s29s65 23.657 23.447 23.667 21.066 22.881
20.265 20.212 21.252 21.367 21.639 21.107 21.647 SPLUS-s30s23 23.688 23.374 23.673 21.064 22.814
20.145 20.087 21.108 21.212 21.504 21.135 21.665 SPLUS-s31s10 23.551 23.406 23.603 20.927 22.82
20.238 20.199 21.192 21.279 21.565 21.159 21.681 SPLUS-s31s23 23.624 23.418000000000003 23.64 21.016 22.837
20.266 20.193 21.223000000000003 21.31 21.578000000000003 21.147 21.683000000000003 SPLUS-s31s58 23.535 23.42 23.607 21.023000000000003 22.855
20.167 20.087 21.081 21.174 21.5 21.125 21.662 SPLUS-s32s22 23.532 23.396 23.595 20.953000000000003 22.818
20.118 20.075 21.091 21.191 21.495 21.129 21.672 SPLUS-s32s65 23.545 23.408 23.599 20.874 22.813
20.263 20.209 21.233 21.326 21.6 21.191 21.705 SPLUS-s33s06 23.666 23.46 23.67 21.048 22.888
20.105 20.063 21.053 21.144 21.474 21.115 21.656 SPLUS-s34s21 23.514 23.383000000000003 23.589 20.895 22.801
20.259 20.171 21.203000000000003 21.297 21.586 21.179 21.702 SPLUS-s35s45 23.64 23.436 23.662 21.026 22.803
20.101 20.011 21.051 21.132 21.467 21.104 21.651 SPLUS-s36s17 23.492 23.38 23.573 20.932 22.786
20.094 20.012 21.068 21.165 21.501 21.143 21.241 SPLUS-s37s44 23.545 23.405 23.605 20.858 22.843000000000004
20.129 20.045 21.078000000000003 21.161 21.492 21.146 21.66 SPLUS-s38s30 23.549 23.403 23.606 20.902 22.819000000000003
20.247 20.188 21.226 21.309 21.582 21.183000000000003 21.705 SPLUS-s38s47 23.638 23.455 23.657 21.017 22.88
20.158 20.09 21.132 21.204 21.464 21.131 21.683000000000003 SPLUS-s39s20 23.526 23.427 23.595 20.89 22.845
20.24 20.163 21.196 21.273000000000003 21.554 21.176 21.697 SPLUS-s43s21 23.615 23.442 23.649 21.011 22.854
20.105 20.054 21.071 21.158 21.493 21.124 21.667 SPLUS-s43s22 23.516 23.39 23.59 20.898000000000003 22.815
20.141 20.039 21.079 21.143 21.483 21.116 21.651 SPLUS-s43s46 23.511 23.377 23.578000000000003 20.918000000000003 22.799
20.133 20.051 21.11 21.212 21.537 21.144 21.671 SPLUS-s45s31 23.571 23.394 23.618 20.893 22.801
20.117 20.056 21.071 21.148000000000003 21.479 21.117 21.656 SPLUS-s46s02 23.506 23.39 23.584 20.87 22.811
20.109 20.032 21.099 21.191 21.529 21.147 21.671 SPLUS-s46s32 23.579 23.405 23.625 20.881 22.802
20.025 19.932 20.951 21.044 21.385 21.054 21.617 SPLUS-n13s31 23.418000000000003 23.333 23.504 20.74 22.753
20.047 19.976 20.983 21.065 21.402 21.065 21.621 SPLUS-n13s32 23.424 23.336 23.513 20.827 22.747
20.068 19.98 20.989 21.084 21.421 21.068 21.621 SPLUS-n13s33 23.455 23.341 23.529 20.837 22.756
19.971 19.886 20.911 20.994 21.357 21.045 21.607 SPLUS-n14s31 23.394 23.318 23.492 20.695 22.727
20.006 19.936 20.976 21.062 21.406 21.068 21.624 SPLUS-n14s32 23.448 23.336 23.52 20.763 22.754
19.6 19.542 20.599 20.71 21.086 20.955 21.54 SPLUS-n14s33 23.154 23.106 23.263 20.297 22.581
19.986 19.895 20.942 21.024 21.388 21.05 21.618 SPLUS-n15s31 23.412 23.326 23.503 20.733 22.735
20.023 19.946 20.958 21.059 21.401 21.067 21.622 SPLUS-n15s32 23.441 23.344 23.527 20.75 22.777
20.044 19.972 20.985 21.064 21.4 21.055 21.617 SPLUS-n15s33 23.437 23.332 23.519 20.813 22.744
19.548 19.506 20.546 20.649 20.833 20.341 20.831 HYDRA-D-0001 22.925 22.579 22.843000000000004 20.294 21.963
19.445 19.409 20.459 20.58 20.794 20.329 20.839 HYDRA-D-0002 22.904 22.582 22.833 20.205 21.973000000000003
19.547 19.508 20.566 20.667 20.841 20.35 20.83 HYDRA-D-0003 22.926 22.574 22.839 20.287 21.952
19.531 19.474 20.548 20.653 20.842 20.356 20.843000000000004 HYDRA-D-0004 22.91 22.565 22.834 20.23 21.945
20.205 20.147 21.184 21.296 21.565 21.166 21.674 HYDRA-0059 23.621 23.419 23.638 20.927 22.85
20.332 20.296 21.318 21.422 21.661 21.167 21.68 HYDRA-0060 23.707 23.41 23.658 21.073 22.79
19.419 19.376 20.491 20.613000000000003 20.821 20.311 20.822 HYDRA-0061 22.884 22.562 22.81 20.183 21.958
19.579 19.531 20.606 20.699 20.869 20.372 20.856 HYDRA-0062 22.956 23.386 22.866 20.891 22.804
20.099 20.05 21.151 21.281 21.556 21.113000000000003 21.654 HYDRA-0063 23.614 23.384 23.595 20.88 22.8
19.343 19.32 20.434 20.515 20.732 20.274 20.791 HYDRA-0064 22.823 22.527 22.781 20.115 21.915
20.07 20.106 21.136 21.231 21.517 21.07 21.601 HYDRA-0065 23.556 23.326 23.55 20.834 22.717
20.2 20.129 21.199 21.311 21.571 21.088 21.614 HYDRA-0066 23.62 23.353 23.572 20.963 22.747
20.271 20.218 21.253 21.347 21.598000000000003 21.165 21.675 HYDRA-0067 23.683000000000003 23.411 23.66 21.043000000000003 22.831
20.196 20.151 21.196 21.298 21.563 21.155 21.677 HYDRA-0068 23.611 23.402 23.623 20.908 22.823
19.426 19.374 20.461 20.59 20.786 20.304 20.814 HYDRA-0069 22.887 22.555 22.812 20.182 21.951
19.46 19.434 20.493 20.623 20.796 20.303 20.802 HYDRA-0070 22.885 22.535 22.795 20.196 21.91
20.166 20.062 21.088 21.18 21.451 21.099 21.626 HYDRA-0071 23.511 23.355 23.568 20.886 22.75
20.109 20.067 21.092 21.184 21.46 21.087 21.627 HYDRA-0072 23.505 23.333 23.569000000000003 20.88 22.687
20.23 20.162 21.196 21.28 21.552 21.135 21.653 HYDRA-0073 23.589 23.383000000000003 23.608 20.997 22.777
20.14 20.076 21.069000000000003 21.138 21.421 21.099 21.622 HYDRA-0074 23.469 23.338 23.542 20.906 22.728
20.179 20.105 21.143 21.231 20.767 20.282 20.811 HYDRA-0075 22.84 22.346 22.743 20.96 21.945
19.716 19.638 20.651 20.728 21.034 20.79 21.452 HYDRA-0076 23.06 23.144 23.245 20.489 22.544
19.357 19.367 20.454 20.593000000000004 20.78 20.282 20.794 HYDRA-0077 22.838 22.495 22.768 20.072 21.854
20.185 20.148 21.174 21.282 21.555 21.157 21.659 HYDRA-0078 23.607 23.402 23.626 20.927 22.816
20.088 20.051 21.077 21.16 21.431 21.091 21.631 HYDRA-0079 23.482 23.348000000000003 23.553 20.811 22.754
20.009 19.976 21.007 21.115 21.415 21.061 21.543000000000003 HYDRA-0080 23.466 23.338 23.542 20.717 22.738000000000003
20.034 19.976 20.997 21.098000000000003 21.369 21.034 21.584 HYDRA-0081 23.392 23.308000000000003 23.49 20.783 22.714
19.987 19.964 21.012 21.121 21.451 21.084 21.602 HYDRA-0082 23.494 23.308000000000003 23.536 20.676 22.684
20.157 20.085 21.126 21.218000000000004 21.52 21.123 21.644 HYDRA-0083 23.561 23.392 23.611 20.958 22.823
19.527 19.487 20.548 20.662 20.855 20.355 20.856 HYDRA-0084 22.945 22.608 22.86 20.283 22.008000000000003
19.296 19.995 21.004 21.093000000000004 21.369 21.059 21.631 HYDRA-0085 22.769 22.518 22.761 20.053 21.911
19.366 19.357 20.444000000000003 20.581 20.784 20.294 20.809 HYDRA-0086 22.816 22.53 22.768 20.056 21.938
20.249 20.204 21.214 21.321 21.584 21.137 21.544 HYDRA-0087 23.631 23.395 23.627 20.974 22.825
20.176 20.116 21.149 21.253 21.518 21.115 21.631 HYDRA-0088 23.566 23.356 23.586 20.901 22.752
20.237 20.188 21.195 21.292 21.567 21.161 21.681 HYDRA-0089 23.622 23.432 23.643 20.989 22.824
20.029 19.967 20.948 21.022 21.287 21.054 21.611 HYDRA-0091 23.327 23.285 23.455 20.788 22.679
20.139 20.092 21.104 21.19 21.466 21.094 21.622 HYDRA-0092 23.515 23.346 23.568 20.864 22.742
19.389 19.333 20.418 20.546 20.767 20.297 20.816 HYDRA-0093 22.863000000000003 22.558000000000003 22.812 20.168 21.936
20.087 20.018 21.029 21.034 21.434 21.069000000000003 21.611 HYDRA-0094 23.481 23.34 23.537 20.826 22.728
18.718 18.768 19.87 20.048 20.304 19.98 20.561 HYDRA-0095 21.969 21.753 21.966 19.165 21.18
19.566 19.529 20.573 20.698 20.865 20.365 20.855 HYDRA-0096 22.935 22.599 22.853 20.283 21.999
20.15 20.077 21.108 21.209 21.481 21.115 21.624 HYDRA-0097 23.538 23.351 23.578000000000003 20.894 22.744
20.131 20.062 21.084 21.163 21.441 21.107 21.629 HYDRA-0098 23.487 23.354 23.555 20.892 22.758000000000003
20.187 20.117 21.131 21.216 21.509 21.118 21.64 HYDRA-0099 23.551 23.367 23.598000000000003 20.965 22.776
20.053 19.968 21.002 21.095 21.41 21.072 21.616 HYDRA-0100 23.452 23.315 23.531 20.81 22.698
20.166 20.084 21.123 21.199 21.493 21.104 21.622 HYDRA-0101 23.54 23.352 23.578000000000003 20.917 22.744
19.301 19.312 20.418 20.559 20.774 20.294 20.807 HYDRA-0102 22.848000000000003 22.532 22.782 20.051 21.915
19.162 19.136 20.216 20.35 20.6 20.198 20.732 HYDRA-0103 22.627 22.424 22.667 19.84 21.781
19.562 19.496 20.571 20.687 20.854 21.144 20.83 HYDRA-0104 22.924 22.579 23.62 20.27 21.97
20.028 19.974 21.017 21.116 21.416 21.088 21.603 HYDRA-0105 23.458 23.311 23.535 20.729 22.688
20.007 19.984 21.034 21.146 21.47 21.101 21.621 HYDRA-0106 23.508000000000003 23.343000000000004 23.563 20.705 22.75
20.174 20.111 21.132 21.222 21.521 21.114 21.637 HYDRA-0107 23.549 23.35 23.588 20.924 22.701
20.173 20.133 21.144 21.241 21.525 21.114 21.622 HYDRA-0108 23.556 23.36 23.583 20.947 22.778
20.157 20.066 21.091 21.147 21.419 21.085 21.61 HYDRA-0109 23.463 23.313 23.532 20.927 22.677
20.182 20.119 21.14 21.236 21.523000000000003 21.123 21.64 HYDRA-0110 23.567 23.378 23.599 20.949 22.802
19.403 19.383 20.456 20.6 20.795 20.306 20.835 HYDRA-0111 22.884 22.552 22.804 20.141 21.963
19.237 19.252 20.397 20.555 20.758000000000003 20.282 20.784 HYDRA-0112 22.817 22.474 22.754 19.942 21.803
20.059 20.026 21.12 21.233 21.532 21.147 21.658 HYDRA-0113 23.589 23.387 23.612 20.793000000000003 22.801
19.839 19.821 20.907 21.019 21.319000000000003 21.056 21.6 HYDRA-0114 23.378 23.304 23.491 20.544 22.688
20.125 20.093 21.116 21.208 21.497 21.129 21.652 HYDRA-0115 23.534 23.378 23.589 20.847 22.789
20.023 19.948 21.02 21.112 21.421 21.064 21.599 HYDRA-0116 23.464 23.305 23.527 20.772 22.677
