zp/zp.ecsv
# %ECSV 1.0
# ---
# datatype:
# - {name: F378, datatype: float64}
# - {name: F395, datatype: float64}
# - {name: F410, datatype: float64}
# - {name: F430, datatype: float64}
# - {name: F515, datatype: float64}
# - {name: F660, datatype: float64}
# - {name: F861, datatype: float64}
# - {name: field, datatype: string}
# - {name: G, datatype: float64}
# - {name: I, datatype: float64}
# - {name: R, datatype: float64}
# - {name: U, datatype: float64}
# - {name: Z, datatype: float64}
# meta: !!omap
# - {TCOMM1: description}
# - {TCOMM2: description}
# - {TCOMM3: description}
# - {TCOMM4: description}
# - {TCOMM5: description}
# - {TCOMM6: description}
# - {TCOMM7: description}
# - {TCOMM8: description}
# - {TCOMM9: description}
# - {TCOMM10: description}
# - {TCOMM11: description}
# - {TCOMM12: description}
# - {TCOMM13: description}
# - {DATE-HDU: '2022-07-22T05:05:31'}
# - {STILVERS: 3.3-2}
# - {STILCLAS: uk.ac.starlink.fits.FitsTableWriter}
# schema: astropy-2.0
F378 F395 F410 F430 F515 F660 F861 field G I R U Z
20.193 20.16 21.164 21.286 21.551 21.167 21.71 STRIPE82-0001 23.614 23.437 23.624 20.981 22.873
20.197 20.19 21.21 21.314 21.588 21.183000000000003 21.719 STRIPE82-0002 23.662 23.467 23.655 20.948 22.922
19.472 19.508 20.61 20.743 20.862 20.349 20.884 STRIPE82-0003 22.969 22.643 22.851 20.205 22.122
19.461 19.456 20.565 20.715 20.799 20.308 20.867 STRIPE82-0004 22.946 22.602 22.836 20.2 22.043000000000003
19.462 19.478 20.577 20.716 20.864 20.352 20.877 STRIPE82-0005 22.977 22.616 22.847 20.207 22.039
19.431 19.448 20.572 20.68 20.825 20.36 20.874 STRIPE82-0006 22.963 22.618 22.846 20.178 22.036
19.44 19.469 20.557 20.699 20.843000000000004 20.342 20.868 STRIPE82-0007 22.958 22.613000000000003 22.834 20.189 22.04
20.213 20.152 21.232 21.345 21.639 21.19 21.704 STRIPE82-0008 23.688 23.45 23.649 21.003 22.877
19.492 19.502 20.592 20.736 20.858 20.354 20.873 STRIPE82-0009 22.97 22.616 22.839 20.197 22.044
20.168 20.028 21.059 21.265 21.573 21.193 21.711 STRIPE82-0010 23.628 23.44 23.541 20.938 22.867
20.072 20.086 21.122 21.25 21.549 21.157 21.695 STRIPE82-0011 23.612 23.422 23.613000000000003 20.788 22.818
20.215 20.143 21.23 21.346 21.621 21.197 21.705 STRIPE82-0012 23.688 23.455 23.655 21.032 22.869
19.469 19.525 20.6 20.728 20.859 20.344 20.886 STRIPE82-0013 22.974 22.624 22.839 20.192 22.066
20.212 20.145 21.218000000000004 21.33 21.611 21.194000000000003 21.709 STRIPE82-0014 23.679 23.458 23.652 21.001 22.898000000000003
19.472 19.479 20.587 20.75 20.879 20.359 20.875 STRIPE82-0015 22.98 22.62 22.844 20.208 22.046
20.2 20.148 21.216 21.333 21.608 21.185 21.705 STRIPE82-0016 23.68 23.458 23.653 20.968000000000004 22.901
20.11 20.068 21.126 21.248 21.555 21.15 21.669 STRIPE82-0017 23.619 23.396 23.621 20.813 22.809
20.248 20.161 21.238000000000003 21.381 21.631 21.197 21.709 STRIPE82-0018 23.691 23.454 23.651 21.035 22.885
19.495 19.512 20.6 20.736 20.869 20.358 20.884 STRIPE82-0019 22.972 22.623 22.853 20.212 22.037
20.212 20.162 21.207 21.323 21.6 21.194000000000003 21.709 STRIPE82-0020 23.671 23.464 23.656 20.98 22.924
19.48 19.493 20.59 20.742 20.86 20.35 20.876 STRIPE82-0021 22.969 22.613000000000003 22.839 20.189 22.05
19.45 19.485 20.596 20.742 20.886 20.38 20.892 STRIPE82-0022 22.99 22.637 22.865 20.162 22.051
19.476 19.504 20.592 20.73 20.86 20.35 20.875 STRIPE82-0023 22.969 22.622 22.843000000000004 20.192 22.074
19.471 19.473 20.585 20.727 20.861 20.364 20.891 STRIPE82-0024 22.972 22.638 22.857 20.2 22.082
20.164 20.009 21.162 21.377 21.634 21.198 21.712 STRIPE82-0025 23.712 23.459 23.662 21.028 22.886
20.228 20.154 21.236 21.373 21.644 21.202 21.715 STRIPE82-0026 23.702 23.468000000000004 23.66 21.031 22.889
19.461 19.523 20.598000000000003 20.736 20.866 20.351 20.88 STRIPE82-0027 22.979 22.622 22.843000000000004 20.193 22.062
19.429 19.398 20.548 20.689 20.84 20.347 20.868 STRIPE82-0028 22.945 22.614 22.838 20.144 22.033
20.255 20.193 21.238000000000003 21.353 21.633000000000003 21.199 21.711 STRIPE82-0029 23.703000000000003 23.459 23.664 21.041 22.889
19.425 19.459 20.563 20.71 20.847 20.348 20.872 STRIPE82-0030 22.971 22.61 22.844 20.208 22.022
19.498 19.528 20.615 20.77 20.884 20.379 20.896 STRIPE82-0031 22.991 22.638 22.86 20.234 22.075
20.154 20.107 21.212 21.334 21.56 21.187 21.709 STRIPE82-0032 23.483 23.464 23.647 20.899 22.917
19.506 19.519 20.606 20.768 20.884 20.372 20.901 STRIPE82-0033 22.995 22.636 22.859 20.206 22.068
19.482 19.498 20.581 20.736 20.865 20.376 20.895 STRIPE82-0034 22.977 22.621 22.855 20.199 22.019
19.482 19.491 21.174 21.276 21.544 21.161 21.687 STRIPE82-0035 22.98 22.65 22.86 20.211 22.132
19.289 19.123 19.901 20.429 20.588 20.041 20.421 STRIPE82-0036 22.84 22.349 22.665 19.941 21.741
19.491 19.549 20.604 20.752 20.873 20.356 20.887 STRIPE82-0037 22.976 22.622 22.844 20.208 22.086
19.294 19.404 20.523000000000003 20.613000000000003 20.743 20.345 20.843000000000004 STRIPE82-0038 22.916 22.542 22.807 20.138 21.975
19.48 19.541 20.607 20.768 20.881 20.367 20.895 STRIPE82-0039 22.982 22.629 22.86 20.212 22.053
19.445 19.457 20.588 20.736 20.878 20.377 20.897 STRIPE82-0040 22.982 22.636 22.862 20.193 22.076
20.114 20.135 21.15 21.304 21.56 21.173 21.703000000000003 STRIPE82-0041 23.633000000000003 23.441 23.631 20.817 22.848000000000003
19.483 19.502 20.606 20.745 20.878 20.373 20.893 STRIPE82-0042 22.988000000000003 22.636 22.863000000000003 20.235 22.067
20.227 20.212 21.239 21.331 21.612 21.184 21.718000000000004 STRIPE82-0043 23.681 23.47 23.653 20.988000000000003 22.935
19.377 19.374 20.492 20.651 20.822 20.349 20.876 STRIPE82-0044 22.953000000000003 22.632 22.848000000000003 20.137 22.063
19.477 19.512 20.62 20.763 20.864 20.355 20.883000000000003 STRIPE82-0045 22.982 22.63 22.847 20.202 22.072
19.454 19.483 20.584 20.721 20.867 20.334 20.873 STRIPE82-0046 22.976 22.635 22.857 20.186 22.074
19.379 19.465 20.575 20.711 20.869 20.357 20.89 STRIPE82-0047 22.88 22.494 22.74 20.073 21.945
20.198 20.178 21.236 21.361 21.617 21.183000000000003 21.704 STRIPE82-0048 23.684 23.454 23.651 21.025 22.894
20.233 20.242 21.255 21.384 21.629 21.194000000000003 21.716 STRIPE82-0049 23.694000000000003 23.458 23.653 20.983 22.912
19.411 19.449 20.532 20.679 20.839 20.358 20.888 STRIPE82-0050 22.96 22.611 22.846 20.154 22.009
19.488 19.504 20.595 20.744 20.866 20.354 20.885 STRIPE82-0051 22.97 22.623 22.854 20.195 22.05
19.468 19.499 20.581 20.736 20.877 20.377 20.887 STRIPE82-0052 22.983 22.634 22.864 20.193 22.057
19.464 19.498 20.586 20.745 20.861 20.354 20.88 STRIPE82-0053 22.967 22.619 22.84 20.193 22.057
20.226 20.197 21.224 21.345 21.635 21.219 21.735 STRIPE82-0054 23.705 23.484 23.686 20.988000000000003 22.927
20.236 20.239 21.235 21.36 21.622 21.191 21.717 STRIPE82-0055 23.699 23.458 23.656 20.991 22.907
20.218 20.158 21.223000000000003 21.34 21.621 21.213 21.731 STRIPE82-0056 23.696 23.484 23.677 21.017 22.93
19.49 19.499 20.602 20.747 20.879 20.364 20.888 STRIPE82-0057 22.987 22.632 22.857 20.216 22.065
19.417 19.199 20.542 20.705 20.853 20.359 20.882 STRIPE82-0058 22.979 22.617 22.853 20.197 21.997
19.465 19.509 20.568 20.724 20.866 20.359 20.888 STRIPE82-0059 22.972 22.643 22.857 20.183 22.102
19.335 19.332 20.454 20.611 20.802 20.338 20.867 STRIPE82-0060 22.934 22.6 22.83 20.104 22.002
20.248 20.228 21.251 21.37 21.633000000000003 21.205 21.737 STRIPE82-0061 23.705 23.476 23.673 20.99 22.927
19.403 19.386 20.597 20.734 20.871 20.373 20.875 STRIPE82-0062 22.838 22.515 22.782 20.18 21.898000000000003
19.454 19.495 20.587 20.741 20.852 20.349 20.877 STRIPE82-0063 22.97 22.622 22.847 20.202 22.07
20.058 20.054 21.12 21.248 21.562 21.201 21.713 STRIPE82-0064 23.63 23.448 23.636 20.949 22.876
20.236 20.206 21.232 21.36 21.621 21.194000000000003 21.723000000000003 STRIPE82-0065 23.694000000000003 23.471 23.667 20.964 22.89
19.504 19.505 20.601 20.712 20.856 20.311 20.844 STRIPE82-0066 22.986 22.638 22.862 20.204 22.073
20.233 20.228 21.241 21.368 21.623 21.19 21.728 STRIPE82-0067 23.695 23.461 23.663 20.964 22.886
19.381 19.394 20.501 20.659 20.818 20.333 20.86 STRIPE82-0068 22.953000000000003 22.606 22.83 20.166 22.028
19.458 19.484 20.594 20.729 20.863000000000003 20.354 20.884 STRIPE82-0069 22.982 22.622 22.844 20.192 22.064
20.094 20.091 21.149 21.274 21.565 21.189 21.719 STRIPE82-0070 23.632 23.461 23.65 20.816 22.91
20.212 20.199 21.206 21.338 21.599 21.186 21.726 STRIPE82-0071 23.663 23.472 23.662 20.947 22.931
20.154 20.148 21.172 21.289 21.569000000000003 21.187 21.709 STRIPE82-0072 23.64 23.45 23.644 20.906 22.872
20.204 20.203 21.215 21.321 21.591 21.186 21.724 STRIPE82-0073 23.661 23.472 23.671 20.957 22.913
19.43 19.447 20.549 20.7 20.847 20.362 20.883000000000003 STRIPE82-0074 22.963 22.637 22.853 20.17 22.082
20.255 20.238 21.242 21.354 21.605 21.185 21.706 STRIPE82-0075 23.675 23.442 23.659 20.99 22.839
20.095 20.081 21.141 21.265 21.562 21.181 21.706 STRIPE82-0076 23.629 23.446 23.641 20.802 22.874
19.444000000000003 19.468 20.589 20.73 20.858 20.352 20.868 STRIPE82-0077 22.969 22.604 22.842 20.179 22.019
19.475 19.498 20.592 20.73 20.866 20.372 20.896 STRIPE82-0078 22.979 22.638 22.861 20.205 22.069000000000003
20.106 20.079 21.091 21.175 21.425 21.115 21.678 STRIPE82-0079 22.973000000000003 22.624 22.845 20.218 22.069000000000003
20.082 20.022 21.074 21.167 21.442 21.139 21.686 STRIPE82-0080 22.959 22.608 22.78 20.124 22.024
19.493 19.567 20.618 20.775 20.863000000000003 21.145 21.682 STRIPE82-0081 22.975 22.622 22.843000000000004 20.204 22.072
20.202 20.195 21.204 21.301 21.574 21.174 21.695 STRIPE82-0082 22.982 22.646 22.86 20.206 22.097
20.18 20.176 21.186 21.317 21.573 21.176 21.693 STRIPE82-0083 22.979 22.628 22.859 20.198 22.083
20.211 20.22 21.226 21.34 21.592 21.176 21.701 STRIPE82-0084 23.665 23.446 23.651 20.944000000000003 22.867
19.529 19.665 20.649 20.809 20.877 20.342 20.869 STRIPE82-0085 22.987 22.617 22.854 20.18 22.055
20.09 20.209 21.189 21.32 21.573 21.195 21.693 STRIPE82-0086 22.949 22.615 22.841 20.146 22.045
19.443 19.42 20.551 20.695 20.789 20.235 20.784 STRIPE82-0087 22.881 22.541 22.776 20.169 21.972
19.415 19.42 20.559 20.684 20.802 20.302 20.804 STRIPE82-0088 22.896 22.571 22.805 20.782 22.01
19.452 19.489 20.579 20.715 20.806 20.297 20.814 STRIPE82-0089 22.904 22.559 22.792 20.939 22.001
19.435 19.459 20.564 20.694000000000003 20.807 20.294 20.823 STRIPE82-0090 22.888 22.561 22.781 20.146 22.0
19.459 19.516 20.589 20.738000000000003 20.838 20.323 20.839 STRIPE82-0091 22.905 22.569000000000003 22.802 20.174 22.008000000000003
18.702 18.979 20.173 20.496 20.602 20.139 20.789 STRIPE82-0092 22.841 22.01 22.573 19.83 21.275
19.469 19.47 20.568 20.708 20.823 20.311 20.835 STRIPE82-0093 22.925 22.569000000000003 22.812 20.198 21.981
18.057 17.930999999999997 18.873 18.921 18.992 18.284 18.753 STRIPE82-0094 21.77 21.346 21.619 19.126 20.745
19.408 19.456 20.573 20.726 20.839 21.146 20.86 STRIPE82-0095 22.863000000000003 22.527 22.785 20.094 21.951
20.07 20.048 21.046 21.147 21.419 21.108 21.646 STRIPE82-0096 23.481 23.365 23.555 20.825 22.779
20.236 20.213 21.211 21.325 21.568 21.145 21.661 STRIPE82-0097 23.633000000000003 23.399 23.616 20.988000000000003 22.815
20.151 20.089 21.131 21.232 21.491 21.132 21.656 STRIPE82-0098 23.563 23.405 23.604 20.951 22.785
19.477 19.48 20.594 20.719 20.832 20.33 20.835 STRIPE82-0099 22.935 22.568 22.805 20.189 21.999
20.223 20.185 21.196 21.308000000000003 21.59 21.166 21.71 STRIPE82-0100 23.647 23.433000000000003 23.638 21.0 22.866
19.437 19.464 20.565 20.703000000000003 20.837 20.326 20.847 STRIPE82-0101 22.932 22.588 22.813 20.19 22.029
20.213 20.162 21.205 21.32 21.607 21.174 21.711 STRIPE82-0102 23.662 23.44 23.646 20.988000000000003 22.87
20.246 20.198 21.225 21.333 21.61 21.187 21.735 STRIPE82-0103 23.673 23.453000000000003 23.655 21.024 22.886
20.21 20.162 21.195 21.31 21.595 21.09 21.563 STRIPE82-0104 23.635 23.315 23.624 20.985 22.699
19.455 19.487 20.567 20.704 20.835 20.33 20.871 STRIPE82-0105 22.943 22.626 22.832 20.202 22.094
20.211 20.166 21.223000000000003 21.32 21.604 21.185 21.7 STRIPE82-0106 23.648000000000003 23.444000000000003 23.638 20.985 22.905
19.417 19.436 20.539 20.685 20.822 20.332 20.854 STRIPE82-0107 22.917 22.584 22.809 20.135 22.02
19.454 19.471 20.581 20.714 20.855 20.364 20.885 STRIPE82-0108 22.958 22.611 22.838 20.191 22.035
19.475 19.517 20.595 20.655 20.854 20.369 20.886 STRIPE82-0109 22.961 22.614 22.851 20.21 22.059
19.453 19.477 20.593000000000004 20.733 20.862 20.361 20.886 STRIPE82-0110 22.96 22.62 22.846 20.191 22.053
20.239 20.201 21.229 21.346 21.61 21.173 21.701 STRIPE82-0111 23.681 23.444000000000003 23.65 21.023000000000003 22.901
20.24 20.241 21.239 21.35 21.622 21.201 21.73 STRIPE82-0112 23.687 23.468000000000004 23.674 20.992 22.909
19.49 19.482 20.591 20.725 20.858 20.35 20.886 STRIPE82-0113 22.965 22.612 22.848000000000003 20.231 22.031
19.444000000000003 19.503 20.57 20.725 20.854 20.352 20.885 STRIPE82-0114 22.953000000000003 22.617 22.842 20.155 22.047
19.478 19.499 20.601 20.748 20.876 20.365 20.891 STRIPE82-0115 22.973000000000003 22.627 22.852 20.204 22.058000000000003
19.395 19.125 20.495 20.642 20.859 20.364 20.892 STRIPE82-0116 22.96 22.612 22.849 20.203 22.017
19.423 19.492 20.593000000000004 20.723000000000003 20.854 20.35 20.883000000000003 STRIPE82-0117 22.94 22.515 22.748 20.096 22.048
19.473 19.479 20.596 20.731 20.87 20.368 20.891 STRIPE82-0118 22.961 22.631 22.851 20.202 22.059
20.215 20.143 21.21 21.325 21.618 21.194000000000003 21.709 STRIPE82-0119 23.666 23.451 23.649 21.028 22.891
19.474 19.462 20.596 20.738000000000003 20.88 20.365 20.887 STRIPE82-0120 22.976 22.629 22.859 20.221 22.065
20.18 19.499 20.603 20.742 20.871 20.368 20.897 STRIPE82-0121 22.963 22.607 22.845 20.191 22.017
20.156 20.044 21.146 21.271 21.529 20.806 21.638 STRIPE82-0122 23.57 23.327 23.555 20.926 22.787
19.474 19.481 20.589 20.716 20.851 20.353 20.89 STRIPE82-0123 22.967 22.642 22.853 20.225 22.103
20.21 20.175 21.213 21.324 21.61 21.176 21.702 STRIPE82-0124 23.667 23.444000000000003 23.648000000000003 20.981 22.897
20.248 20.195 21.245 21.342 21.614 21.173 21.715 STRIPE82-0125 23.665 23.453000000000003 23.645 21.016 22.91
19.404 19.495 20.569000000000003 20.72 20.851 20.353 20.88 STRIPE82-0126 22.939 22.625 22.843000000000004 20.043 22.065
20.189 20.171 21.161 21.259 21.549 21.135 21.676 STRIPE82-0127 23.594 23.415 23.612 20.947 22.837
20.207 20.166 21.211 21.325 21.614 21.19 21.731 STRIPE82-0128 23.672 23.467 23.663 21.0 22.908
20.201 19.494 20.589 20.726 20.853 20.354 20.883000000000003 STRIPE82-0129 22.971 22.637 22.856 20.948 22.092
19.429 19.434 20.557 20.7 20.854 20.361 20.884 STRIPE82-0130 22.963 22.63 22.855 20.182 22.058000000000003
20.252 20.254 21.248 21.372 21.625 21.175 21.705 STRIPE82-0131 23.687 23.451 23.653 21.012 22.895
20.226 20.185 21.222 21.345 21.615 21.202 21.731 STRIPE82-0132 23.681 23.467 23.67 21.01 22.908
19.48 19.503 20.572 20.725 20.853 20.351 20.885 STRIPE82-0133 22.969 22.624 22.853 20.197 22.053
19.453 19.443 20.566 20.719 20.864 20.369 20.894 STRIPE82-0134 22.973000000000003 22.631 22.866 20.183 22.056
20.242 20.229 21.215 21.334 21.582 21.171 21.707 STRIPE82-0135 23.646 23.45 23.654 20.982 22.878
19.478 19.503 20.591 20.737 20.857 20.357 20.886 STRIPE82-0136 22.969 22.628 22.85 20.192 22.068
20.268 20.243 21.26 21.376 21.633000000000003 21.205 21.733 STRIPE82-0137 23.698 23.471 23.68 21.041 22.91
19.467 19.493 20.607 20.751 20.874 20.311 20.584 STRIPE82-0138 22.961 22.626 22.85 20.167 22.044
20.246 20.191 21.203000000000003 21.319000000000003 21.476 21.109 21.581 STRIPE82-0139 23.554 23.351 23.58 20.986 22.857
20.21 20.168 21.231 21.338 21.603 21.178 21.706 STRIPE82-0140 23.669 23.452 23.654 20.989 22.904
19.479 19.516 20.596 20.734 20.856 20.353 20.88 STRIPE82-0141 22.963 22.64 22.85 20.213 22.124
19.444000000000003 19.481 20.562 20.717 20.849 20.355 20.885 STRIPE82-0142 22.96 22.61 22.845 20.188 22.019
19.448 19.481 20.574 20.714 20.843000000000004 20.342 20.87 STRIPE82-0143 22.956 22.61 22.835 20.186 22.045
20.21 20.125 21.226 21.352 21.622 21.206 21.712 STRIPE82-0144 23.69 23.455 23.663 21.001 22.879
19.49 19.507 20.594 20.73 20.857 20.355 20.878 STRIPE82-0145 22.973000000000003 22.617 22.852 20.208 22.078000000000003
20.233 20.163 21.236 21.361 21.623 21.193 21.703000000000003 STRIPE82-0146 23.69 23.449 23.659 20.983 22.887
19.445 19.443 20.561 20.715 20.838 20.323 20.864 STRIPE82-0147 22.949 22.606 22.832 20.149 22.046
19.465 19.525 20.613000000000003 20.747 20.866 20.364 20.89 STRIPE82-0148 22.982 22.634 22.861 20.183 22.067
19.471 19.5 20.591 20.729 20.857 20.35 20.884 STRIPE82-0149 22.966 22.627 22.846 20.187 22.073
20.212 20.144 21.21 21.314 21.606 21.196 21.721 STRIPE82-0150 23.674 23.472 23.662 20.999 22.912
19.503 19.517 20.598000000000003 20.746 20.866 20.351 20.88 STRIPE82-0151 22.975 22.62 22.847 20.219 22.071
20.215 20.148 21.202 21.313 21.588 21.186 21.703000000000003 STRIPE82-0152 23.659 23.444000000000003 23.654 20.988000000000003 22.842
