zp/zp.ecsv
# %ECSV 1.0
# ---
# datatype:
# - {name: F378, datatype: float64}
# - {name: F395, datatype: float64}
# - {name: F410, datatype: float64}
# - {name: F430, datatype: float64}
# - {name: F515, datatype: float64}
# - {name: F660, datatype: float64}
# - {name: F861, datatype: float64}
# - {name: field, datatype: string}
# - {name: G, datatype: float64}
# - {name: I, datatype: float64}
# - {name: R, datatype: float64}
# - {name: U, datatype: float64}
# - {name: Z, datatype: float64}
# meta: !!omap
# - {TCOMM1: description}
# - {TCOMM2: description}
# - {TCOMM3: description}
# - {TCOMM4: description}
# - {TCOMM5: description}
# - {TCOMM6: description}
# - {TCOMM7: description}
# - {TCOMM8: description}
# - {TCOMM9: description}
# - {TCOMM10: description}
# - {TCOMM11: description}
# - {TCOMM12: description}
# - {TCOMM13: description}
# - {DATE-HDU: '2022-07-22T05:05:31'}
# - {STILVERS: 3.3-2}
# - {STILCLAS: uk.ac.starlink.fits.FitsTableWriter}
# schema: astropy-2.0
F378 F395 F410 F430 F515 F660 F861 field G I R U Z
[from data line 304]
20.112 20.068 21.095 21.216 21.512 21.133000000000003 21.649 SPLUS-n18s11 23.57 23.364 23.587 20.874 22.782
20.026 20.037 21.073 21.197 21.499 21.116 21.659 SPLUS-n18s12 23.534 23.379 23.59 20.735 22.802
20.052 20.003 21.057 21.164 21.479 21.105 21.642 SPLUS-n18s13 23.526 23.363000000000003 23.576 20.755 22.764
20.259 20.196 21.274 21.398000000000003 21.655 21.176 21.699 SPLUS-n18s14 23.703000000000003 23.437 23.657 21.067 22.876
20.078 20.035 21.075 21.17 21.479 21.118 21.646 SPLUS-n18s15 23.527 23.366 23.579 20.84 22.778
20.222 20.118 21.211 21.324 21.594 21.124 21.635 SPLUS-n18s16 23.646 23.38 23.602 21.018 22.825
20.243 20.157 21.242 21.331 21.584 21.092 21.618 SPLUS-n18s17 23.534 23.338 23.567 21.043000000000003 22.728
20.29 20.209 21.28 21.395 21.646 21.178 21.71 SPLUS-n18s18 23.692 23.433000000000003 23.653 21.066 22.839
20.205 20.099 21.207 21.305 21.562 21.103 21.622 SPLUS-n18s19 23.614 23.358 23.595 21.003 22.763
20.192 20.097 21.139 21.22 21.514 21.126 21.664 SPLUS-n18s20 23.557 23.392 23.605 20.961 22.82
20.275 20.178 21.254 21.362 21.609 21.09 21.624 SPLUS-n18s21 23.666 23.385 23.617 21.037 22.804
19.696 19.584 20.55 20.624 20.959 20.808000000000003 21.49 SPLUS-n19s01 22.958 23.127 23.224 20.4 22.532
20.074 20.004 20.988000000000003 21.075 21.392 21.057 21.627 SPLUS-n19s03 23.43 23.34 23.522 20.829 22.754
19.776 19.69 20.645 20.744 21.106 20.911 21.551 SPLUS-n19s04 23.132 23.235 23.341 20.519 22.652
19.76 19.643 20.614 20.639 20.988000000000003 20.814 21.488000000000003 SPLUS-n19s05 23.016 23.19 23.274 20.549 22.613000000000003
19.943 19.829 20.863000000000003 20.936 21.285 20.981 21.584 SPLUS-n19s06 23.306 23.268 23.433000000000003 20.689 22.664
20.023 19.946 20.945 21.017 21.364 21.049 21.623 SPLUS-n19s07 23.398000000000003 23.321 23.504 20.834 22.723000000000003
20.043 19.936 20.982 21.059 21.428 21.089 21.647 SPLUS-n02s44 23.452 23.373 23.569000000000003 20.803 22.783
20.094 19.996 21.056 21.153 21.499 21.11 21.667 SPLUS-n02n44 23.523000000000003 23.39 23.588 20.881 22.812
20.156 20.085 21.105 21.208 21.537 21.129 21.669 SPLUS-n03s43 23.557 23.395 23.606 20.943 22.821
20.057 19.954 21.013 21.122 21.484 21.096 21.646 SPLUS-n03s44 23.491 23.374 23.569000000000003 20.799 22.807
20.031 19.916 20.972 21.087 21.449 21.103 21.665 SPLUS-n04s41 23.468000000000004 23.395 23.569000000000003 20.802 22.829
20.023 19.942 21.0 21.106 21.468000000000004 21.109 21.67 SPLUS-n04s42 23.495 23.375 23.584 20.795 22.791
20.033 19.922 20.985 21.094 21.446 21.099 21.656 SPLUS-n04s43 23.478 23.374 23.563 20.805 22.801
20.053 19.956 21.013 21.114 21.476 21.103 21.651 SPLUS-n04s44 23.504 23.387 23.574 20.825 22.804
20.048 19.799 20.815 20.792 21.139 21.05 21.651 SPLUS-n05s43 23.361 23.271 23.411 20.813 22.717
20.09 19.973 21.036 21.136 21.483 21.094 21.652 SPLUS-n05s44 23.496 23.372 23.57 20.857 22.787
20.251 20.15 21.224 21.335 21.63 21.181 21.7 SPLUS-n05s45 23.665 23.438 23.655 21.014 22.862
20.05 19.936 20.986 21.079 21.449 21.112 21.659 SPLUS-n06s40 23.473000000000003 23.411 23.585 20.823 22.852
20.052 19.926 21.008000000000003 21.109 21.449 21.06 21.539 SPLUS-n06s41 23.471 23.371 23.548 20.833 22.828000000000003
20.12 20.013 21.06 21.166 21.503 21.114 21.666 SPLUS-n06s42 23.535 23.386 23.591 20.903 22.813
20.1 19.981 21.048 21.149 21.489 21.116 21.659 SPLUS-n06s43 23.519 23.378 23.588 20.874 22.812
20.066 19.958 21.003 21.085 21.42 21.085 21.649 SPLUS-n06s44 23.441 23.365 23.547 20.809 22.774
20.091 19.987 21.036 21.132 21.482 21.12 21.686 SPLUS-n06s45 23.51 23.413 23.599 20.853 22.87
20.096 19.981 21.023000000000003 21.096 21.447 21.115 21.669 SPLUS-n07s38 23.486 23.418000000000003 23.595 20.883000000000003 22.863000000000003
20.128 20.035 21.089 21.183000000000003 21.514 21.13 21.675 SPLUS-n07s39 23.553 23.415 23.61 20.924 22.869
20.127 20.036 21.137 21.209 21.528 21.133000000000003 21.674 SPLUS-n07s40 23.56 23.391 23.608 20.872 22.821
20.111 20.016 21.084 21.182 21.528 21.14 21.678 SPLUS-n07s41 23.548 23.409 23.616 20.901 22.83
20.146 20.106 21.133000000000003 21.236 21.538 21.142 21.672 SPLUS-n07s42 23.57 23.406 23.62 20.929 22.828000000000003
20.147 20.035 21.085 21.174 21.505 21.133000000000003 21.682 SPLUS-n07s43 23.535 23.404 23.606 20.93 22.828000000000003
19.932 19.823 20.846 20.916 21.238000000000003 20.98 21.586 SPLUS-n07s44 23.27 23.304 23.438 20.669 22.721
20.131 20.048 21.07 21.171 21.483 21.122 21.676 SPLUS-n08s37 23.534 23.412 23.587 20.916 22.836
19.664 19.542 20.589 20.677 21.006 20.709 21.113000000000003 SPLUS-n08s38 23.074 22.988000000000003 23.152 20.446 22.45
20.153 20.032 21.096 21.179 21.501 21.12 21.66 SPLUS-n08s39 23.546 23.398000000000003 23.595 20.924 22.828000000000003
20.057 19.971 21.022 21.13 21.482 21.119 21.675 SPLUS-n08s40 23.506 23.4 23.589 20.813 22.845
19.988 19.895 20.94 21.053 21.404 21.032 21.666 SPLUS-n08s41 23.418000000000003 23.312 23.51 20.728 22.711
20.153 20.046 21.081 21.195 21.507 21.101 21.648000000000003 SPLUS-n08s42 23.538 23.373 23.585 20.936 22.787
20.111 19.999 21.057 21.149 21.477 21.117 21.667 SPLUS-n09s36 23.511 23.402 23.597 20.853 22.835
20.126 20.083 21.103 21.206 21.514 21.145 21.689 SPLUS-n09s37 23.568 23.434 23.613000000000003 20.906 22.893
20.125 20.048 21.1 21.191 21.492 21.09 21.598000000000003 SPLUS-n09s38 23.508000000000003 23.362 23.578000000000003 20.908 22.808000000000003
20.145 20.069000000000003 21.1 21.213 21.51 21.127 21.669 SPLUS-n09s39 23.571 23.399 23.594 20.936 22.828000000000003
20.158 20.06 21.098000000000003 21.201 21.517 21.129 21.671 SPLUS-n09s40 23.543000000000003 23.408 23.61 20.931 22.844
20.133 20.057 21.083 21.187 21.467 21.087 21.64 SPLUS-n09s41 23.505 23.362 23.566 20.905 22.778
20.107 20.017 21.065 21.158 21.469 21.089 21.633000000000003 SPLUS-n09s42 23.499 23.343000000000004 23.559 20.887 22.748
20.125 20.035 21.122 21.238000000000003 21.511 21.08 21.609 SPLUS-n09s43 23.555 23.327 23.554 20.919 22.723000000000003
20.148 20.086 21.166 21.296 21.584 21.139 21.685 SPLUS-n09s44 23.625 23.416 23.616 20.922 22.832
20.164 20.067 21.131 21.202 21.529 21.126 21.673 SPLUS-n10s34 23.57 23.405 23.607 20.898000000000003 22.865
20.142 20.032 21.088 21.185 21.504 21.127 21.666 SPLUS-n10s35 23.544 23.405 23.603 20.919 22.852
19.996 20.018 21.081 21.192 21.507 21.112 21.532 SPLUS-n10s36 23.563 23.387 23.584 20.863000000000003 22.805
20.005 19.928 20.998 21.122 21.461 21.066 21.582 SPLUS-n10s37 23.505 23.357 23.557 20.771 22.757
20.161 20.102 21.118 21.226 21.528 21.142 21.686 SPLUS-n10s38 23.575 23.411 23.612 20.927 22.843000000000004
20.032 19.963 20.993 21.094 21.414 21.058000000000003 21.626 SPLUS-n10s39 23.455 23.342 23.528 20.794 22.758000000000003
20.174 20.106 21.139 21.242 21.516 21.111 21.649 SPLUS-n10s40 23.58 23.372 23.585 20.96 22.79
20.035 19.931 20.972 21.024 21.33 21.039 21.621 SPLUS-n10s41 23.372 23.325 23.496 20.788 22.735
20.244 20.152 21.219 21.332 21.613000000000003 21.165 21.678 SPLUS-n10s42 23.67 23.421 23.637 21.021 22.843000000000004
20.241 20.144 21.22 21.35 21.605 21.133000000000003 21.652 SPLUS-n10s43 23.662 23.393 23.619 20.999 22.82
20.153 20.055 21.109 21.21 21.518 21.14 21.672 SPLUS-n11s26 23.546 23.397 23.601 20.888 22.84
20.082 20.055 21.069000000000003 21.164 21.461 21.079 21.636 SPLUS-n11s28 23.506 23.353 23.545 20.834 22.76
20.193 20.095 21.127 21.235 21.541 21.133000000000003 21.674 SPLUS-n11s29 23.57 23.404 23.608 20.957 22.84
20.159 20.115 21.124 21.237 21.529 21.138 21.684 SPLUS-n11s30 23.579 23.412 23.614 20.871 22.832
20.139 20.025 21.066 21.142 21.476 21.131 21.672 SPLUS-n11s33 23.515 23.406 23.606 20.922 22.824
20.13 20.038 21.083 21.174 21.488000000000003 21.117 21.667 SPLUS-n11s34 23.531 23.392 23.59 20.926 22.824
20.135 20.035 21.066 21.152 21.49 21.132 21.689 SPLUS-n11s35 23.526 23.429 23.608 20.929 22.873
20.18 20.108 21.155 21.25 21.545 21.159 21.691 SPLUS-n11s37 23.575 23.393 23.604 20.946 22.856
20.099 19.997 21.034 21.115 21.427 21.1 21.657 SPLUS-n11s38 23.457 23.369 23.564 20.864 22.797
20.059 19.998 21.03 21.132 21.477 21.103 21.684 SPLUS-n11s39 23.507 23.39 23.575 20.82 22.817
20.225 20.118 21.203000000000003 21.321 21.567 21.11 21.637 SPLUS-n11s40 23.626 23.375 23.579 21.023000000000003 22.811
20.238 20.141 21.236 21.35 21.62 21.154 21.666 SPLUS-n11s41 23.661 23.407 23.632 21.009 22.832
20.256 20.147 21.246 21.366 21.621 21.162 21.686 SPLUS-n11s42 23.674 23.424 23.642 21.027 22.864
20.249 20.155 21.235 21.354 21.631 21.164 21.691 SPLUS-n11s43 23.678 23.427 23.648000000000003 21.04 22.836
20.26 20.174 21.262 21.376 21.617 21.146 21.68 SPLUS-n11s44 23.68 23.419 23.639 21.022 22.866
20.145 20.067 21.102 21.18 21.499 21.124 21.668000000000003 SPLUS-n12s23 23.541 23.385 23.594 20.926 22.806
20.121 20.031 21.063 21.153 21.494 21.109 21.66 SPLUS-n12s24 23.524 23.382 23.583 20.913 22.789
20.172 19.984 21.116 21.206 21.518 21.143 21.683000000000003 SPLUS-n12s25 23.56 23.411 23.622 20.941 22.846
20.177 20.12 21.139 21.241 21.527 21.144 21.689 SPLUS-n12s26 23.585 23.422 23.617 20.961 22.859
20.07 20.048 21.065 21.179 21.459 21.087 21.653 SPLUS-n12s27 23.502 23.372 23.554 20.833 22.795
19.944000000000003 19.895 20.905 21.029 21.395 21.124 21.664 SPLUS-n12s28 23.41 23.321 23.508000000000003 20.701 22.724
20.148 20.072 21.113000000000003 21.212 21.488000000000003 21.109 21.654 SPLUS-n12s29 23.547 23.373 23.581 20.908 22.791
20.094 20.02 21.064 21.166 21.474 21.09 21.64 SPLUS-n12s30 23.519 23.361 23.569000000000003 20.85 22.757
20.268 20.162 21.258000000000003 21.369 21.613000000000003 21.152 21.655 SPLUS-n12s31 23.677 23.411 23.637 21.028 22.846
20.246 20.156 21.238000000000003 21.346 21.619 21.163 21.692 SPLUS-n12s32 23.666 23.423 23.641 21.035 22.846
20.264 20.153 21.247 21.367 21.613000000000003 21.149 21.661 SPLUS-n12s33 23.675 23.393 23.624 21.042 22.822
20.127 20.054 21.135 21.245 21.525 21.072 21.613000000000003 SPLUS-n12s34 23.562 23.333 23.548 20.856 22.729
20.113 20.061 21.041 21.031 21.495 21.033 21.601 SPLUS-n12s35 23.55 23.292 23.571 20.89 22.725
20.209 20.113 21.217 21.332 21.588 21.115 21.497 SPLUS-n12s36 23.642 23.38 23.601 20.995 22.825
20.201 20.113 21.152 21.247 21.535 21.144 21.675 SPLUS-n12s37 23.588 23.405 23.617 20.958 22.814
20.188 20.116 21.139 21.24 21.527 21.135 21.68 SPLUS-n12s38 23.571 23.403 23.61 20.931 22.827
20.107 20.031 21.063 21.168000000000003 21.486 21.096 21.646 SPLUS-n12s39 23.51 23.369 23.573 20.841 22.777
20.208 20.169 21.218000000000004 21.333 21.578000000000003 21.115 21.636 SPLUS-n12s40 23.623 23.377 23.596 20.959 22.791
20.279 20.169 21.261 21.383000000000003 21.629 21.17 21.678 SPLUS-n12s41 23.69 23.428 23.653 21.03 22.872
20.2 20.137 21.203000000000003 21.323 21.583 21.118 21.638 SPLUS-n12s42 23.625 23.36 23.586 20.936 22.772
20.011 19.969 21.032 21.134 21.443 21.098000000000003 21.654 SPLUS-n01s18 23.488000000000003 23.363000000000003 23.556 20.714 22.769
20.021 19.983 21.066 21.169 21.489 21.114 21.655 SPLUS-n01s19 23.529 23.359 23.575 20.783 22.775
20.107 20.033 21.083 21.188 21.508000000000003 21.107 21.641 SPLUS-n01s20 23.541 23.371 23.586 20.827 22.792
20.051 19.976 21.034 21.137 21.475 21.084 21.639 SPLUS-n01s21 23.505 23.361 23.563 20.822 22.783
19.946 19.887 20.935 21.036 21.409 21.032 21.611 SPLUS-n01s22 23.431 23.317 23.508000000000003 20.716 22.701
20.086 20.013 21.073 21.192 21.502 21.1 21.638 SPLUS-n01s23 23.54 23.364 23.576 20.865 22.778
20.081 19.989 21.051 21.156 21.458 21.088 21.635 SPLUS-n01s24 23.505 23.348000000000003 23.56 20.85 22.752
20.078 19.989 21.066 21.16 21.471 21.088 21.637 SPLUS-n01s25 23.514 23.358 23.565 20.857 22.758000000000003
20.081 19.996 21.065 21.162 21.482 21.094 21.643 SPLUS-n01s26 23.532 23.368 23.572 20.848000000000003 22.778
20.006 19.936 20.931 21.06 21.376 21.072 21.637 SPLUS-n01s27 23.43 23.355 23.544 20.74 22.785
20.071 19.99 21.029 21.127 21.424 21.06 21.608 SPLUS-n01s28 23.474 23.334 23.538 20.811 22.751
20.065 19.983 21.046 21.149 21.471 21.115 21.657 SPLUS-n02s18 23.505 23.38 23.576 20.771 22.797
20.084 20.023 21.051 21.167 21.478 21.115 21.659 SPLUS-n02s19 23.526 23.375 23.583 20.817 22.785
20.1 20.046 21.094 21.211 21.493 21.102 21.663 SPLUS-n02s20 23.527 23.369 23.575 20.843000000000004 22.783
20.052 20.004 21.055 21.162 21.476 21.107 21.638 SPLUS-n02s21 23.523000000000003 23.351 23.571 20.8 22.748
20.073 19.997 21.056 21.151 21.45 21.094 21.645 SPLUS-n02s22 23.503 23.361 23.571 20.819000000000003 22.777
20.115 20.021 21.056 21.142 21.47 21.087 21.636 SPLUS-n02s23 23.51 23.342 23.557 20.84 22.74
19.977 19.888 20.92 20.995 21.304 21.048 21.62 SPLUS-n02s24 23.355 23.323 23.489 20.703000000000003 22.736
20.123 20.042 21.081 21.194000000000003 21.496 21.099 21.643 SPLUS-n02s25 23.53 23.37 23.573 20.885 22.785
20.065 19.979 21.033 21.133000000000003 21.449 21.091 21.637 SPLUS-n02s26 23.495 23.353 23.559 20.844 22.762
20.069000000000003 19.995 21.061 21.135 21.455 21.077 21.621 SPLUS-n02s27 23.492 23.348000000000003 23.549 20.857 22.774
20.11 20.043 21.096 21.195 21.499 21.118 21.665 SPLUS-n02s28 23.54 23.381 23.583 20.895 22.788
20.049 19.999 21.053 21.148000000000003 21.473000000000003 21.113000000000003 21.645 SPLUS-n02n18 23.524 23.373 23.579 20.792 22.78
19.905 19.845 20.874 20.952 21.275 21.024 21.609 SPLUS-n02n19 23.324 23.308000000000003 23.464 20.627 22.711
20.101 20.046 21.092 21.185 21.497 21.114 21.649 SPLUS-n02n20 23.541 23.377 23.593000000000004 20.868 22.805
19.877 19.758 20.782 20.868 21.224 20.979 21.598000000000003 SPLUS-n02n21 23.252 23.295 23.425 20.659 22.703000000000003
20.078 19.979 21.044 21.126 21.452 21.082 21.633000000000003 SPLUS-n02n22 23.493 23.358 23.557 20.851 22.769
20.039 19.955 20.998 21.1 21.431 21.059 21.607 SPLUS-n02n23 23.462 23.322 23.534 20.796 22.722
19.954 19.887 20.912 21.002 21.305 21.033 21.606 SPLUS-n02n24 23.352 23.318 23.489 20.669 22.722
20.022 19.951 21.001 21.115 21.452 21.091 21.631 SPLUS-n02n25 23.486 23.362 23.551 20.789 22.778
19.998 19.904 20.981 21.076 21.425 21.07 21.637 SPLUS-n02n26 23.462 23.346 23.544 20.754 22.763
20.055 19.943 20.996 21.092 21.421 21.072 21.635 SPLUS-n02n27 23.46 23.343000000000004 23.536 20.807 22.745
20.057 19.958 21.014 21.119 21.451 21.091 21.644 SPLUS-n02n28 23.491 23.368 23.56 20.8 22.783
20.059 19.998 21.07 21.176 21.497 21.118 21.662 SPLUS-n03s18 23.537 23.38 23.586 20.775 22.778
20.04 19.973 21.013 21.12 21.43 21.094 21.645 SPLUS-n03s19 23.483 23.378 23.573 20.734 22.823
20.011 19.912 20.994 21.065 21.368 21.089 21.645 SPLUS-n03s20 23.444000000000003 23.366 23.543000000000003 20.711 22.788
20.107 20.047 21.078000000000003 21.175 21.479 21.079 21.613000000000003 SPLUS-n03s21 23.504 23.342 23.55 20.859 22.764
20.074 19.981 21.049 21.152 21.466 21.091 21.642 SPLUS-n03s22 23.508000000000003 23.361 23.562 20.806 22.766
20.14 20.079 21.091 21.181 21.503 21.112 21.656 SPLUS-n03s23 23.541 23.375 23.586 20.908 22.784
20.135 20.056 21.118 21.199 21.513 21.114 21.66 SPLUS-n03s24 23.55 23.38 23.592 20.945 22.795
20.117 20.057 21.098000000000003 21.191 21.486 21.098000000000003 21.632 SPLUS-n03s25 23.542 23.355 23.572 20.884 22.773000000000003
20.089 19.997 21.053 21.132 21.45 21.072 21.615 SPLUS-n03s26 23.487 23.333 23.546 20.859 22.751
20.127 20.015 21.065 21.162 21.473000000000003 21.105 21.643 SPLUS-n03s27 23.517 23.369 23.572 20.871 22.782
20.091 20.003 21.068 21.156 21.453000000000003 21.077 21.612 SPLUS-n03s28 23.505 23.329 23.549 20.869 22.73
20.119 20.057 21.137 21.272 21.549 21.08 21.621 SPLUS-n01s01 23.583 23.342 23.561 20.885 22.755
20.128 20.018 21.087 21.171 21.516 21.141 21.679 SPLUS-n01s37 23.551 23.417 23.614 20.877 22.853
20.105 20.006 21.058000000000003 21.157 21.495 21.133000000000003 21.682 SPLUS-n01s38 23.529 23.413 23.605 20.882 22.863000000000003
20.126 20.001 21.065 21.165 21.495 21.13 21.677 SPLUS-n02s37 23.53 23.409 23.605 20.89 22.856
20.121 20.017 21.094 21.202 21.521 21.149 21.699 SPLUS-n02s38 23.557 23.418000000000003 23.621 20.896 22.852
